977 1165
1494 1563 387 1018 156 1376 191
561 625 1415 948
1540 1415 948
971 617 977
977
503 977
1376
1376 1165
1364 1165
220 1165
316 977
816 1319 977
314 977
989 1165
160 442 1165
901 977
140 613 1376
675 160 442
1190 466
361 59
1355 1290
86 1449 23 203 1393
591 780
1219 466
86 1449 840 203 1393
1215 1308 1364
240 1165
665 455 1376
376 670 977
1216 1165
1562 1165
1540 805 1373 1034
45 1165
993 925 977
971 617 240
1079 466
1037 156 1092 1136
1118 466
374 374 374 506 1570 305 786 239 400 1299
1258 1376
401 141 1165
780 1165
1585 977 1165
1215 997 1364
807 234 22
1585 977
160 442 168 857 442 555 714 602
816 1070 977
379 59 239
497 1376
807 234 1142
675 173 442
971 617 1562
196 1376
807 234 160 442
406 1165
1540
1470 977
617 1216
1092 1165
59 1165
1461 1365
1215 1308 810
593 780
387 1540 1034
1364
175 1588 1540
459 594 87 1165
971 617 406
1065 950 1165
86 1449 624 203 1393
641 1355 1165
1101 1165
15 977 1165
576
16 1194 1376
432 948 1589
1415 1037 948 740
807 234 173 442
141 1165
160 442 1449 840 1393
1355 1165
983 977
1032 87
173 442 168 1498 442 555 714 602
1576 466 1165
45
617 786 239
220
887 1165
995 804 977
35 998
1415 1037 948 915 156 144 1197
561 625
1057 977 1165
880 1097 466
460 1574 977 1165
86 1449 561 203 1393
35 1165
1477 1364
950 1165
892 1165
662 1165
486 86
596 268 173 442 1165
341 455 1376
459 309 977
901 807 234 780
394 887
1437 251 239
945 466 1165
275 977
810 1165
983 86
1027 1165
993 925 977 1165
1526 836 977
1562
383 406 1165
1533 455 1376
971 617 59
1540 1377 1034
1104 1409 86
242 45
971 617 1364
693 887
1212 977
569 1276 1376
1211 1364 1165
503 240
658 950 1165
1118 780
1529 950
1355 133 1165
1215 997 810
66 887
1118 240
1216
310 981 948 1502
328 675 173 442 1165
1469 77 1364
901 59
136 948 1165
816 1070 86
436 1029 1355 1165
1118 86
160 442 1449 561 1393
1540 805 1373 1034 46
140 2 662
880 373 466
892 483
1571 774 1165
114 1142
141
887
955 466
432 948 1165
173 442 1449 23 1393
555 1364 1034
1499 520 1325 977
1540 387 1034
989
793 387 1540 1034
832 1562 1165
983 45
968 1165
1225 45 1283 704
596 268 160 442 1165
1490 887
892 86
1477 977
211 977
579 316 977 1165
299 659 1165
328 675 160 442 1165
901 786 239
216 87
950
773 1165
901 240
561 625 805 1373 1034
63 374 374 374 506 1570 305 786 239 400 1299
355 948 1165
1469 77 977
1575 1355 1165
53 989 1165
1489 1270 1355 1165
1540 387 1373 1034
93 1376 1165
1437 1084
1437 406
971 977
387 561 625 1034
625 1354
676 948 1165
1555 1503 977
175 238 1470 977
88 1562 525
1395 887
35
1395 1027
274 173 442 1165
1142
1179 394 887
901 86
274 160 442 1165
38 45 1165
160 442
299 749 6 1165
1395 662
160 442 1449 23 1393
878 977 1165
983 948 1165
977 525
1565 1374 1261 459 186 977 400 1299
344 780
1469 77 59
1355
1027
1116 1165
1101
67 239 1165
340 1327 912 977 374 128
1490 662
274 977
173 442
1576 466
86 1165
1575 1477 77 1364
793 1540 805 1373 1034
1194 144 501 773
792 1027
555 977 1034
971 617 810
93 1364 1165
857 442 1142
1540 805 1373 129
209 1252 381
496 45 1165
720 977
387 1540 1373 1034
387 1540 1034 46
791 59
1057 977
92 956
1334 675 173 442
1169 1212 86
1469 77 240
1415 1242 1099 950
578 1364
555 160 442 1034
1128 977
1477 59 442
1416 948 1165
173 442 1449 840 1393
1065 950
1417 950
555 1562 1034
371 466 1165
948 133 1165
175 1470 156 1376
269 45
697 45
175 625 1463 1354
662
1362 977
1551 780
251
175 1470 156 1376 106 1158
175 625 1354
1014 68 387 1540 1034
810
45 133
1548 977
1234 989 1165
460 1574 977
940 1264 45
75 977
436 1029 887 1165
1169 1325 466
103 87 1165
1015 893 1165
333 285 1165
682 466 1165
555 1476 1034
423 204 250 142 460 1574 479 977 343
773
1082 544 1027
59
476 268 1364
240
555 173 442 1034
15 977
1236 977
401 141
352 1096 950
175 1470 156 977
1575 977
100 690 366 59 889 1165
1556 394 887
1263 977
175 1588 1540 805 1373 1034
631 1355 1165
570 977
1343 1218 86 1165
617 620
596 268 1355 1165
972 406 1165
561 625 387 1034
1398 1027
175 156 872 977
793 977 555 714 537
1020 950
160 442 1449 1396 1393
555 240 1034
625 1463 1354
362 374 374 1302 977
387 561 625 1034 46
328 977
741 1231 1562
625 431 1354
500 1092 1034
578 160 442
173 442 1165
894 1588 920 977 1034
358 977
579 977
374 374 985 894 1588 977 1034
832 773 1165
1092
104 1562 1359 643 1147
374 374 365 220 1369
786 948 1165
86 1449 1396 203 1393
555 1364 1034 46
1562 168 316 977 555 1472 602 882
812 406 1165
693 662
1200 1364
459 594 87
500 1092 1034 46
832 977
175 156 625 1463 1354
1543 1201 977
1469 77 810
374 374 506 1547 1117 220 400 1299
1540 1377 1034 46
1470 1376
555 989 1034
1410 977 1165
175 1470 1158 459 309 156 977
175 1391 1216
555 316 977 1034
780
1540 805 1373 793 1034
98 977
1444 948 1165
406
1564 977
413 977
1105 989 1165
173
161 386 977
1334 675 160 442
968
578 173 442
175 1588 840 804
1211 1364
175 1540
1540 805 1373 140
793 977
1116
1024 887
154 1355 1165
1119 45 1165
1355 133
135 977
374 1297 1355 1165
1540 805 1034
793 387 1540 1034 46
1501 39 977
1540 805 1511 1034
175 238 1470 1364
55 950
244 107 74 1442 1355 809
1540 1373 714
555 1376 1034
793 1376
658 950
1415 12 915 1242 773 168 466
957 240
383 406
1560 1027 1165
977 346
421 1376
883 894 1588 466 1034
977 1588 971 156 1034
1376 63
578 1562
521 989 1165
761 977
160 442 1449 624 1393
440 1376
423 204 142 157 551 901 59 679 343
1540 1243 1034
98 977 1165
1200 240
1331 1355 1165
288 887
758 977
957 977
100 690 366 379 59 889
1014 68 387 561 625 1034
942 914 977
1376 808 1252 1034
555 160 1034
387 1540 129
591 780 1034
625 515
175 625 840
1588 920 977 1034
1495 1387 466 555 589 1034
175 625 1588 840 156
238 1470 977
1241 948 1165
983 617 1562
1543 915 1101 1165
347 887
555 1216 1034
1571 774
53 285 1165
94 6 1165
578 989
173 442 1449 624 1393
175 238 1470 1376
1126 87 1034
793 500 1092 1034
1477 810
1250 1101 1165
1540 805 1373 408
175 156 625 306 515
1181 977
1015 1355 1165
1457 690 294 379 59 889
938 977
75 977 1165
175 625 1317 1354
175 156 977
555 35 1034
1371 1216
1353 977
971 617 977 1034
1540 387 129
578 59
578 977
320 773 1165
374 374 374 506 1194 144 501 1239 773 400 1299
1470 156 1376
140 1252 1376
972 977
459 594 1176 1080 1034
285
1470 156 977 96
555 59 1034
1366 1376
1540 387 1373 1034 46
555 141 1034
486 617 240
1540 387 1034 46
640 556 1142
561 625 1377 1034
497
155 1165
305 977
406 774
376 670 1078 977
857
1540 241 718 1373
46 504 63 504
983 773
1200 59
316 977 555 1034
423 204 250 1172 190 171 810 571 343
173 442 1449 561 1393
314 156 977
892 1034
1585 316 977
51 977
220 500 1092 1034
840 804 805 1373 1034
1376 613 1034
624 203
319 524 977
1236 927
920 977
175 1391 977
175 469 561 625
793 1142 807 234 1034
878 977
555 173 442 1034 46
840 804
805 1092 1034
555 240
486 1562
175 156 625 1588 840 156
175 156 1588 1540
387 840 804 1034
845 977
1075 1165
1540 1377 129
892
1165 1227 977
761 1470 977
1470 156 1376 106 1158
135 977 1165
555 1101 1034
555 977 1034 46
175 625 306 1354
977 555 714 537
793 339 387 1540 1034 46
340 39 977
1588 920 977 1034 46
1470 1364
1014 68 1027 1395 1034
555 989 1034 46
316 977 1034
555 780 1034
555 662 1034
175 1470 156 950
175 1470 977
1055 1208 1540 805 1373 1034 46
376 670 156 977
1470 156 35 751 1158
793 173
1188 87
57 1165
1376 808 1252 1034 46
1507 1540 805 1373 1034 46
793 387 561 625 1034
793 387 1540 129
349 650 285 1165
1014 68 977 1588 971 617 156 1034
839 773 1165
793 387 1540 1511 1034
51 156 374 374 374 1003 316 977 555 430 70 156 168 364 1177 156 1208 1014 600 156 977 1588 1154 156 1034
675 173 442 1034
175 561 625
561 625 387 1034 46
555 810 1034
555 173 1034
1128 977 1165
945 466
7 977
331 795 977
1014 68 387 1540 1034 46
175 1470 1158 977
977 46
1585 156 977
1470 156 887 106 1158
625 306 1354
555 1258 1034
968 751 1158
1584 473 179 514 948 790
175 625 1463 515
625 127
832 1562
658 950 428
1376 346
625 1317 1354
625 306 515
693 887 1034
175 1470 156 45
1014 68 578 240
175 1470 156 35 751 1158
175 625 306 515
555 1562 1034 46
1470 45
977 523 229 1034
555 316 977 1034 46
748 489 374 374 374 453 374 374 1034
555 892 156 1034
625 1321
450 961
793 1540 805 1373 1034 46
141 578
376 670 1061 977
321 956
260 983 948 1588 714 1512
175 1588 1540 1377 1034
374 374 985 894 1588 977 1034 46
869
405 1092 1034
578 240
793 977 894 555 714 537
1014 977 555 714 537
107 1208 1540 805 1373 1034
963 1264 45
1540 860 64
1507 555 160 442 1034
596 268 977
1437 224
161 386 1142
555 1562 129
555 1364 129
662 1395 140
983 1476
1507 555 1364 1034
793 1540 387 1373 1034
67 239
793 523 1092 1034
173 442 1449 1396 1393
810 828
793 1540 1377 1034
175 1588 1540 793 1377 1034
175 1151 977
1462 387 1540 1034
63 964 626 1516 977
175 238 1470 950
316 977 523 229 1034
175 238 1470 993 925 977
175 156 625 431 1354
856 316 977
1507 387 1540 1034
1409 804 1373 156 1476
555 920 977 1034
1568 673 977
555 1116 1034
761 240
561 625 387 129
793 977 901 1034
93
555 1142 1034
763 901 537 1034
459 685 977
945 156 466
175 1588 1151 977
175 1470 1158 743 977
383 977
1585 977 1436
295 1478 1373 156 1034
175 156 625 1354
793 387 840 804 1034
1470 156 977
1230 894 1588 466 1034
1014 68 1376 613 1034
1014 68 805 1092 1034
175 1470 156 977 555 589
1540 387 1373 1462 1034
555 251 1034
175 1470 276 156 141 1111 523 1251 610 882
1540 1373 9
561 625 805 1373 1034 46
840 530 625
486 1373 156
789 977
555 406 1034
892 156
175 625 515
971 617 977 46
258 1355 1290 1233 1217 666 1298 1220
175 625 1463 1354 1208
220 1510 46
1540 516 1370
1507 1540 805 1373 1034
1461 406
1507 405 452 1092
209 58 381
714 1588 624 203
793 977 555 714 1510
1406 1562
555 1437 1034
160 442 1034
578 1190 156
175 1470 156 1364
1033 316 977 1034
374 681 253 274 527 374 374 1281 962 752 977
305 25
175 156 1588 1540 805 1373 1034
387 1540
1507 1588 920 977 1034
413 316 977
555 1165 156 1364 1034 46
175 238 1470 316 977
299 659
1376 1323
1533 455
632 144 1265 353 586 77 1292 273 169 1110
486 1216
578 305 1373 156 977
578 901 156 977
1376 374 374 374
488 33
486 1219 466
175 1588 1540 1208 387 278 1034 46
1470 156 35 577 1158
1014 68 950
1119 45
489 374 374 374 453 374 374
1540 1373 793 805 1034
1030 977
1309 1188 87
107 1208 1540 805 1373 1034 46
46 173
793 977 1588 971 156 1034
561 625 1377 1034 46
1437 215 1165
1014 68 339 387 1540 1034
665 455 1376 555 1034
578 983 977
875 953 977
894 1588 714 977
175 625 801 1354
175 238 1470 173 442
114
387 374 374 1540 1034
1165 1227 1364
625 1463 515
523 1092 1034
561 625 1243 1034 46
764 425 45
175 1470 156 314 977
175 156 625 306 1354
1498
387 561 625 129
793 387 1540 408
561 804
1540 1373 1180
576 1034
477 977
625 1354 387 1034
555 160 442 1034 46
175 1588 1090 1540
578 44 1227 748 892 156
1234 977
1507 793 387 561 625 1034
793 387 1540 1373 1034
175 1470 156 1576 466
977 1373 1158 1485
793 977 555 714 537 346
175 156 625 1463 1354 1208
1376 805 1018 1563 1034
175 469 1540 805 1373 1034 46
175 238 1470 1116
175 1470 156 1355
858 1357 1207 1165
920 977 1034
793 141 1436
1271 855 977
175 156 625 1588 840 156 1208 1377 1034
45 825 408
1519 797 1034
1540 805 1373 1462 1034
793 387 1540 1373 1034 46
1200 86
596 268 173 442
1137 1034 46
144 156 1089 254 192 780
173 442 1367 1034
1440 285 1165
59 1034
1014 977 500 726 1034
1507 175 1540
894 1588 1364 1034
761 1470 1376
1301
1309 393 406
771 356 497 414 1588 1436 156
1462 1157 387 561 625
175 1470 156 993 925 977
107 1208 793 387 561 625 1034
231 229 1158 1494 306 58 1158
793 977 1380 156 1510 1034
851 156 977
1540 805 1373 408 46
1068 17 427 860 960 3 1208 3 1400 1068 860 399 1405 547 547 607 690 633 581 1248 581 608 581 695 547 644
555 251 1034 46
793 220
1540 346
47 1085 175 1165 1227 1041 156 950
387 1540 156 1476
1585 983 977
316 977 971 617
793 1540 1243 1034
1540 1377 140
175 156 1364
1494 615 1018 1588 840 777 561 625
107 1208 175 1500 238 1470 314 977 374 374 681 156 1367 1205 1034
793 141
1355 1136
1507 555 977 1034
1505 948 1165
1540 805 1373 381
493 29 977 1494 1470 156
1540 387 1278
1306 45
793 561 625 805 1373 1034
359 1470 156 977
141 555 1034
175 1470 156 1216 1588 337
1118 1476
716 977
209 58 381 46
1540 1178 1034 46
793 1236 156 977 1296 129
503 977 555 1034
387 1540 1511 1034
810 523 229 1034
669 1158 993 925 977
1354 625
901 807 234 780 46
555 86 1034
220 46
1540 1243 1034 46
1540 387 46
640 556 780
387 1540 46
793 1126 87 1034
175 156 625 162
175 1540 805 1373 1034 46
1055 1208 578 989
1126 87 129
561 625 1373 714 1461 1276
1367 887
902 1415 1242 191
1014 977 1504 1034
1353 316 977
1562 525
561 625 805 1373 278 1461 1276 1034
625 392 760 805 1034
359 1470 156 45
107 1208 175 1588 1540 805 1373 1034
424 810
1588 220 1034
175 1470 156 968
883 894 1588 773 1034
840 804 1377 1034
555 1116 1034 46
156 977
625 162
578 59 46
1157 387 1540
401 141 305 805 1373 1034 46
625 1354 805 1373 1034
237 661 977
1540 1373 793 13 1034
175 156 625 1530 515
578 474 811 156 141
390 894 1588 773 1034
175 1123 1470 156 977
1065 156 950
714 1195 624 203
1118 65 466
364 977 1034
857 442 168 173 442 156 757
1585 1403 977
175 1470 156 45 1523 739 1494 767 140 1088
175 1470 156 401 156 141
971 617 1510 13 156 977
793 555 160 442 1034
175 1470 156 1473 156 466 1111 1443 1158
625 515 387 1034
175 1470 1158 928 1376
1470 989
793 387 561 156 625 1034
793 555 989 1034 46
1364 140 387 1054 1034
920 1479 1437 245
579 316 977
295 141 777 285
877 797 1034
175 238 509 1227 1452 156 45
1376 140 1252 381
1470 1216
894 1588 920 977 129
555 675 173 442
256 920 977 1034
793 1588 1478 1373 156 408
793 1376 1323 46
1540 387 1089 68
1240 927
416 977
175 1470 156 989
175 1470 1158 1376
1085 175 1286 430 45 1208 451 787
175 1470 156 141
1540 1373 978 1287
1429 977 555 714 1510
609 977 894 1588 692 814 156 1034 46
18 793 1376
1540 805 408
555 285 1034
345 1006 87
578 1101
555 173 442 408
1576 156 466 1165
175 156 993 925 977 41 829 1158 1208 1494 509 1384 1229 46
915 948 1165
241 718 1341 1198
793 555 173 442 1034 46
561 625 387 1373 1034
1540 241 1373 793 1034
175 1470 156 950 140 663
1105 285 1165
401 141 555 1586 40 168 444 1034
1190 466 1165
459 594 87 192 1080
192 1585 920 977
295 497 1034
1540 1178 1034
175 638 156 1588 977
278 1588 486 1373 156 1034
314 977 44 1227 387 175
1452 1376
376 670 978 977 1041
175 1470 156 793 977
102 45
579 316 977 555 1060 1034
209 1252 381 46
175 1588 1540 1208 387 1373 793 1034 46
175 1470 156 977 96
305 786 239
557 466
793 1376 808 1252 1034
1588 971 977 1034
1111 1470 156 401 141 1033 1586 739
641 675 173 442
595 950
561 625 387 208 339
175 1470 156 1027 1033 1511 814
54 887 555 66 1034
1014 977 1004 1034
561 625 387 1089 68
1355 1034
175 1588 1540 387 1034 46
596 268 173
1065 869
578 1216
251 1034
1376 710
761 1216
1146
1588 555 810 1034
977 374 374 357 241 1373 1034
1014 68 466 1588 1219 156 1034
1588 220 129
776 374 374 977
1588 993 925 977 1034
807 234 22 1034
1380 977 129
175 1588 840 203
374 374 357 1364 1165
35 805 1018 1242 1034
1014 1227 192 989
1476 1165
387 561 625 1373 1034
1540 1373 322
1588 617 1437 1034
658 950 415 726 658 1099 950 983 869 1529 1344 249 1149 374 374 374
460 1574 156 977
793 45 825 1034
793 523 1092 156 1034 46
793 466 1118 1034 46
86 1449 624 203 1393 1377 1034
1055 860 860 1540 387 1034
107 1208 19 793 141
175 238 574 587 280 1498
793 1027
561 625 1373 1278 1476
175 238 1470 314 977
526 977
1470 156 240 1582 140 1088
578 892 156
555 1536 908 156 316 977 1034
1437 1084 168 1101 555 714 602
1132 531
175 1470 950 500 535
1131 1588 920 977 1034
1215 997 1364 1278 1510 13
299 378
1376 882
1165 1227 971 617 156 977
816 1363
894 1588 977 381
175 1470 1158 42 1376
175 1470 156 887 1588 106 1158 156
578 1335 156 989
175 1470 156 173 442
371 466
387 840 804
1540 387 1373 978
278 1588 1212 977 1034
401 156 141 555 343 129 46
314 977 935 163
1470 156 1376 106 1158 970
1055 624 203 714 1512
793 555 662 1034
920 15 977
1376 1012 1158
175 1588 1540 1373 793 13 1034
625 840
977 503 1034
1014 68 977 971 617 1510 1436
866 116 99 671 1370 156 882
1014 68 887 1395 1034
1376 574
1540 805 1373 1462 1034 46
1014 68 977 1588 1206 1016 156 1034 46
555 1258 1034 46
1462 340 555 160 442 1034
793 977 1467 555 714 343
555 1437 156 1034
209 58 1034 46
1165 68 977
977 487 1330 1034
555 300 1582 156 1376
1507 793 977 555 1536 908 156 537 1034
44 899 810 13
270 45
496 45
175 238 638 587 175 1588 1540
175 625 162
35 577 1158
1470 156 968 1494 108 1011 101 1454 1158
1027 1395 1034
160 442 935 795
1014 68 578 160 442
238 1470 711 45
793 805 1341 1034
714 378
175 1588 1540 805 1373 1034 46
1014 68 466 1219 1034
107 1208 175 238 638 587 977
1376 1367 1034
555 430 1573 156 1437 1325 966 1192 395 894 395 140 1088 1588 818
175 1470 1158 1364
92 1376
793 578 240
175 1470 1142
1376 1376
973 500 1092 1034
1274 667 860 626 236 1437 406
1280 805 1034
561 625 1243 1034
793 977 555 816 1070 156 537 1034
555 160 442
421 156 1376
175 732 1470 156 977
175 625 469 840
977 971 1034
1540 1041 1034
175 1470 156 460 1574 977
175 625 392 278 805 1034
923 884 133 578 364 59 156
175 238 638 587 1208 1540 805 1373 1034
1258 1376 555 1034
1540 387 1373 793 1034 46
977 500 1525 1034
1014 68 1364 1215 1308 1034
1055 1208 793 387 1540 1034
175 1391 793 810
1543 240
1540 1373 978 13
228 1373 896 156
175 1470 156 977 585 1158
11 261 1364
1376 1090 1158
561 625 1208 445
175 625 1354 1208
1540 241 1373 46
4 87
793 339 1540 805 1373 1034
220 346
1588 486 1373 156 1034
175 1470 1158 430 662
793 67 239
45 1502
459 594 1176 1080 1034 46
793 1376 613 1034
175 238 1470 15 977
260 156 220
220 1080 129
175 1470 1158 254 141 1494 409 1432
175 1470 156 1364 148 1583 49
793 977 555 714 468
175 1391 1364
793 977 971 1034
578 497
175 625 431 1354
38 45
972 156 406
561 625 805 1373 793 1034
1585 316 977 181 1158 482 170 229 1034
175 1391 1543 168 240 805 1034
192 920 977
578 1562 46
175 156 1376
423 204 959 1256 456
175 1588 1540 1208 805 1373 793 1034
376 670 156 977 1588 1080 1034
793 894 1588 977 1034
459 309 977 1165
561 625 1373 978
1540 805 1034 46
929 425 45
1585 1061 977
1507 1014 68 387 561 625 1373 1034
314 977 156 1379
133 578 1562
459 309 977 1588 1470 684 993 129
793 977 1588 901 156 1034
977 500 229 1034
793 387 561 625 1034 46
1588 140 613 1376 1034
1540 387 714
793 1476 387 561 625 1034
175 1470 156 240 1582 140 1088
503 977 1486 1373 302
1540 805 1373 46
793 578 1562
374 374 156 180 1468 1377 278 339 1034
175 1459 1470 1158 35
496 156 45
1507 1014 68 1027 1588 1395 156 1034
175 1470 1158 993 925 977
77 1469 1364
374 374 374 497
175 156 1470 156 406 140 1109 1158 860 970
761 141
578 662
805 1092 129
625 392 1089 1227
247 116 466
66 887 555 1034
376 670 977 1041 1034 46
175 1540 805 1373 1034
793 1588 486 1373 156 1034
892 1476
1055 1208 1540 805 1373 1034
1416 1019
387 561 625 140
595 950 1165
175 1470 1065 950
901 977 1034
497 1588 978
793 45 787 242 1034
555 887 1034
316 977 860 523 229 1034
1271 45
248 977 1165
793 977 555 714 537 46
220 1588 97 156
625 392 714
977 894 555 714
1111 1033 1232 497 156
175 1470 156 887
555 1364
983 1216
175 1470 156 977 1494 1033 1060
523 452 1092
989 555 1034
1055 1208 175 1391 1476 168 1216
376 670 977 1208
641 977
140 613 1376 1034 46
314 126 977 834 381
175 469 1540
295 983 977 1034
593 780 1494 1071
1072 1540
175 156 625 469 1540
45 1588 330 156 777 242 156
1540 387 793 1034
793 1540 805 1034
175 1470 156 220
175 1546 1158 1065 950
140 613 1376 1034
1111 311 555 1227 637 156 45 1033 266 346
175 1588 1540 1208
175 238 638 874 449
175 625 1540
977 1588 971 156 1034 46
555 569 1276 1034
625 259
1152 156 1355
1507 1588 220 1034
378
387 561 625 46
1507 1014 466 1588 254 1034
1470 1158 977
793 1437 406
175 732 1071 156 977
793 160
1014 68 950 1494 266 46
1332 977
561 625 387 44 1227
175 238 1470 780
1014 68 892 483 1436
555 1092 156 1034
175 1470 156 977 993 925 156
1507 555 977 1034 46
175 1470 156 401 141
1258 1376 742 1034
314 920 977 305 805 1373 1034 46
578 1194 156 1376
1477 1364 1034
761 156 1588 1376
295 1227 714 977
175 238 1470 887
578 1258 156 1376
662 555 693 156 1034
555 971 977 1034
555 240 1034 46
598 977 1165
805 30 1289 1197 1034
1507 555 316 977 1034
850 45
107 860 555 1562 1034
16 1194 1376 555 1034
175 1470 156 945 466 725 156 1060 140 800
662 1494 1569
387 1540 1373 129
555 1101
1014 68 1364 805 1215 997 1034
688 1034 46
793 220 500 1092 1034
993 925 316 977
625 561
175 625 936 8 1354 8
220 500 1092 1034 46
387 374 374 357 156 180 1373 1034 46
555 1364 46
1193 1167 734 1376
175 1588 1421 625 1208 1373 278 983 977 1356 1034
175 1470 1158 374 374 374 681 156 977 1494 1100 20
665 455 1376 1165
993 925 977 805 1034
101 793 1376
1478 1118 466
376 670 156 1061 272 748 1080 156 1034 46 1111 1148 505 46
316 977 1379
555 920 977 1034 46
175 1588 1540 1208 805 1373 793 1034 46
793 1588 141 777 285
480 116 1340 462
793 977 1380 156 537 1034
1540 1373 978 46
449
1588 174 439 156
1588 1478 1373 156 1034
793 977 500 229 129
1148 160 442 1034
793 500 1470 977 1034
220 151
93 1364 1588 935 163 882
390 894 1588 466 1034 46
417 822 977
793 1376 1436
1132 531 1494 1569
565 25 1165
123
175 1448 1470 156 977
1364 555 1034
894 1588 466 1034
1478 1373 156
175 238 977
561 625 387 1373 793 1034
1355 998
1152 156 1376 1436
376 670 156 1061 977 1588 1080 1034 46
175 238 1470 945 466
374 374 985 894 1588 977 46
1148 1533 455 1034
92 1355 133
387 1540 408
578 16 1194 1376
1055 1208 578 240
374 374 357 536 156 805 1373 1034
387 561 625 1511 1034
1540 1373 793 1178 1034
1460 914 655 901 59 860 1279 1 894 241 539 646 430 187
175 1123 1470 156 662
92 1355
1507 793 387 1540 1034
175 1588 1470 977
175 238 1470 977 168 316 977
133 1131 578 1364
555 773 1034
316 977 523 452 229
220 1080 1034
175 238 638 587 977
894 1588 920 977 1034 46
459 309 156 996 905 1373 1034 46
1157 387 561 625
175 1470 156 1362 156 977
463 1376
1390 45
173 442 555 1034
45 1436 46
761 1376
977 1588 1166 156 1034
175 1470 156 1376 106 1158 970
902 156 191 1494 1242
175 1470 156 1588 977
1014 68 950 1436
175 1470 156 1355 133
1507 793 1540 805 1373 1034 46
1178 1540 1034
238 1470 314 977
273
555 1376 129
707 1007 977
1027 346
793 887
977 1588 971 156 408
968 1307 1158
175 1470 1158 254 45
278 1588 1478 1373 156 1034
578 773
573 854
45 1367 1034
175 238 1470 1216
1540 1373 978
1588 141 777 285
175 1470 156 968 751 1158
173 442 1494 1242
1470 156 1116 751 1158
175 1470 156 35 998 1033 873
578 316 977
359 1470 156 240 1208 83 140 1471 1208 300 770 860 1373
307 1498 168 160 442 555 602 1034
1258 1376 1165 1208 836 748 351
155
793 1458 1092
561 625 387 1089 68 46
107 860 860 175 1470 1158 743 1376
19 793 977 555 1472 255 1208 46
452 1533 455
555 793 82 156 675 173 442 1034 46
1539 1517 1067 1419 140 101 718 533 1158 1034
175 1588 1540 387 278 1034
427 1527 1151 173 374 374 374 156 1588 44 1227 46
175 1540 1041 1034 46
426 1452 1376
902 1494 1563 191
625 392 9
328 675 173 442
32 1228 432 948 1034
975 1014 68 1027 1395 1034
1470 156 240 555 787
987 1470 807 234 156 322 160 1305 140 1419 156
1343 1218 86
160
175 463 902 805 1242 191 1034
793 968 1558 380
1215 1308 810 1208 746 1198 156 1494 680 1033 984
1507 1540 805 1511 1034
1014 68 1376 578 1045 852
478 860 860 761 982 166 35 860 860 860 137 1261
894 1588 486 156 977
387 609 625 1034 1208 220
1376 805 523 16 1194 1034
175 1588 1540 387 278 346
1470 156 45
1487 45 860 860 486
1577 466 156 1511 378
175 290 1470 1158 743 1376
596 268 173 442 1165 308 602
793 1588 199 156 777 1354 156
461 1142
175 1470 1158 217 290 156 1216
463 902 191 805 1018 1563 1034
175 238 638 587 175 1470 156 463 887 860 860 860 1494 1569 882
1111 175 1470 156 401 141 735 1480 1033 444 588
175 238 539 913 35 1165 490
175 625 1463 1354 860 860 860 583
175 1391 743 160 442
1355 978 82 13
1373 1386 1151 17 427 1208 626 56 45
175 1546 156 141
1367 160 442
175 238 638 587 793 977 578 901 156 468
1507 1499 520 1325 1373 463 977 1463 13
979 1033 388 156 240 1034
793 950 894 364 714
1001 1208 452 240
1588 254 466 168 254 597 1034
107 1208 1507 220 30 1158 808 646 1034
529 1540 1373 714 156
793 709 168 1534 180 805 1373 1034
19 748 489 374 374 374 453 374 374
12 175 1165 68 977
1014 1376 1252 140 46
18 463 460 1574 977 374 374 374 1089 68
1364 1165 617 971 860 860 860 1215 997 860 860 816 1308 156
503 156 977 555 208
805 1242 223 894 523 1451 156 1392 977 1034
175 238 638 1014 1227 466 387 983 1373 1034
925 901 977
238 1470 1376
15 471 977
107 860 860 1507 807 234 1470 714 191 156 1142
1507 793 132 515 156 1540 387 1034
238 638 587 1045 37 1462 387 561 625 777 624 625 46
154 1355 926 894 555 354 1034
423 808 1061 1360 977 1367 1470 684 993 156 343 1158 1034
175 156 625 1146
374 374 357 180 805 1373 129
1194 144 501 773 1041 1034
1540 805 1373 826 1039 339 46
175 238 1563 989
374 374 374 156 220 1080 46
107 1208 140 615 1014 68 977 1261 1157 387 175 156 625
1470 684 993 156 141
175 1546 156 945 466 1111 368 1158 1430
61 116 241 99 1034
1507 175 1588 1540 1373 826 808 1140 1034 46
175 238 615 793 662 1395 1034
238 638 860 1470 156 1364 860 168 1060 463 860 714 602
805 1165 1118 567 861 466 129 46
107 1208 175 1470 156 133 1372 156 830 977 1235 1033 1208
1507 555 892 156 277 1034
175 156 625 1588 550 756 515 860 860 860 197 625 920
675 173 442 1588 935 795
1014 68 561 625 1377 1034
63 964 626 1516 977 323 475
555 394 887 1034
1507 578 220
18 175 156 625 306 1354 1208
578 780 175 300 1232
805 1341 1198 1034 46
1014 68 977 1588 292 156 449 381
18 314 156 977
793 1540 805 1373 1158
24 140 387 1373 882 1208 1373 1158 96 882
522 367 1158 1208 1100 30 160 442 1034 46
534 324 160 442 807 234 1510 1436
665 455 1376 106 1158
530 1409 804 523 452 1243 977
1051 638 587 1208 19 617 971 156 977 1472 1528 555 1205 1158 46
675 173 442 140 1178
140 615 978 1355 1041
625 1354 1208 1373 208 13
793 1588 983 977 1034
107 1208 578 387 907 156 1355 133
175 1470 1158 1057 977
793 807 234 173 442 1436
1055 1208 175 1467 523 12 755 177 45 868 1208 500 540 1184 753 183 1208 805 129 46
175 1391 1533 455 860 860 1494 1242 46
1507 1014 68 1476 1588 486 1373 156 1034
1401 1429 977 706 1500 241 1561 316 977 408
19 1014 1131 578 754 1562 46
625 515 197 431 1354
793 977 805 901 1034
175 1470 1158 31 968
561 625 1373 1532 1034
1014 68 1395 1027 1588 1246 523 1373 141 435 898 156 859 1588 1034
247 116 1340 1091
19 1278 977 971 617 1510 13
1409 561 625
411 1364 175 300 1232
977 8
561 625 1373 1278
140 613 1376 1208 744 13
175 409 436 1029 1355 805 1299 374 374 699
295 116 1373 156 129
561 625 1373 463 13
555 1210 156 316 977 1034
376 670 977 1080
401 141 946 555 300 40
175 238 202 95 617 977 168 971 617 977 134 705 1322 113
295 780 777 173
175 1588 1540 1208 1094 555 530
793 1376 737 156
1033 572
278 241 718 898 584 156 1198
175 1470 156 141 1581 1158
35 364 1389 1034
220 1588 901 156 1034
1267 175 1470 156 463 887 1588 430 777 600
561 625 1208 278 241 1373 1034 46
1507 587 860 860 175 625 1588 1540 860 860 1373 793 805 1034 46
175 1470 156 977 241 175 1053 587 568 1034
497 1376 555 876 1034
359 1470 156 950 1033 121 1221 1034
761 816 257 156 1364
761 233 175 1470 156 62 1562 954
175 1588 306 1540
977 1588 901 156 1034
1055 1208 793 32 432 168 1241 156 1092 1034
1014 68 1185 1543 140 387 1540 1034 46
793 339 1540 1377 1034
840 203 1373 793 805 1034
175 625 1588 840 156 1208 398 322 346 46
271 1496 540 140 540 793 466 1430 894 555 1472
107 860 175 156 203 1588 1409 530 912 860 625 259 1158 860 1309 913 928 971 617 156 977
579 989
714 1195 624 203 46
1494 1033 175 1435 1470 156 463 878 156 977 1158
463 722 977 387 1170 1034
478 1208 175 238 202 1128 977 1329 1470 1130 727 63 63 85 1060 129
23 625 860 1316 1463 561 860 297 1373 1089 1430 1571 1463 13 882
1208 793 523 1092 1034
305 341 455 1376
175 238 638 793 251 1034
1014 68 983 950 1588 1373 1417 156 1034
1364 1261
175 1151 156 1588 94
278 1588 497 1376 1034
459 1282 87
107 1261 971 617 977 463 13 46
175 238 574 175 1467 409 156 977 343
285 805 898 432 1034
1470 1158 743 1376
1014 68 1027 1588 1398 312 156 777 792 156 346 1208 543
1309 1267 1364 1131 894 1588 555 714 156
625 891 1373 129
977 886 805 348 1525 859 129
1055 1208 175 1588 840 804 1208 793 387 175 46
761 1470 156 1576 133 1208 1131 156 466 805 965 1441 1034
175 1470 156 1009 662 300 410 984
175 1470 156 1376 871 1088 1208 1093 871 140 1521 1158
175 1470 156 1127 977
175 540 493 1470 1158 335 977
1309 1267 175 1123 1470 156 220
175 1285 1470 156 1562 1432 622 896 1158
175 1470 156 977 148 317 1586 46
1553 497 1034 46
1422 173 168 1422 173
175 238 638 175 625 1509 278 173 805 1034
364 251 1034
1494 1525 793 604
1364 1165 743
807 234 901 46
793 578 714 800 213 156 346 46
1364 300 770 510 83 1088
1470 156 1376 106 1158 1494 1203
340 1327 912 977 374 128 540 91 473
401 793 141 1064 20 129
1216 978 13
1057 977 1033 691
45 133 1034
175 1123 1470 156 658 950 372 1470 702 101 555 589
175 1470 156 977 1208 96 1208
175 732 1470 156 977 1588 664 156
175 409 156 793 977
175 238 638 587 760 140 387 1540 1034 46
376 670 971 617 977 265 156 322
107 983 977 805 1326 301 1034
107 860 793 950 805 325 1034
160 389 857 156 602
793 1540 805 1511 1034 46
1507 1365 1588 1461 156 1034
107 860 374 374 374 507 156 383 406
175 156 625 306 1140 793 805 1373 1034
107 1208 968 281 706 986 1158
1014 68 977 555 971 617 156 537 1034
427 1089 1364 1208 805 816 1363 46 227
561 625 1208 1377 1034
278 160 442 168 1385 807 234 1034 46
175 1470 156 35 917 46
75 156 977
107 860 860 860 625 1463 1354 156 805 1373 1034
107 175 238 638 587 102 463 983 45 1531 1434 129
466 1588 254 935 507 156
976 469 305 25
211 977 1080 156 1588 978
175 1391 977 1208
107 1261 840 203 1208 1500 980 60 1208 1373 714 422 13
1373 22 1500 500 173 442 46
1477 977 1034
1055 1208 107 1208 1507 1014 68 1376 1367 196 649 1034 46
175 1391 1227 1087 329 156 1376 63
341 455 1376 1481 1376 1367 1205 1034 46
901 86 1483 1587 894 1033
1467 977 555 714 343 1034
124 156 662 1494 1083
793 617 860 1437 140
578 1014 1287 156 1216
175 156 625 748 840 1208 175 1391 1571
950 1494 1242 377
175 1588 840 1383 1409 804 805 1373 1034
1490 887 1034
387 1540 129 46
1585 977 374 374 374 681 1208 935 743
762 1016 977 1165 1034
1055 860 860 133 578 662 46
376 670 552 1096 977 500 1245 1034 46
1588 380 156 1208 175 728 974 156 878 977 168 1376 1208 111 1205 1148 977 1033 1376 882
793 561 625 387 1034
780 555 591 129
107 1208 175 1588 469 208 1540 1208 686 1278 339 1463 13 1208 805 1165 587 1034
175 1435 1470 1158 977 1208 1494 1033 1060
1588 582 174 439 156 1034
406 774 805 1164 195 129
175 1470 156 1364 1168 257 1034
1015 887 555 394 156 1034 46
175 1588 469 1540
1507 1014 68 45 1208 578 374 374 507
805 1341 1198 408
175 238 202 387 561 625 1034
175 1459 1470 156 1376 1208 26 156 326 821 1158 523 148 1053 346
1470 156 977 1494 894 1588 628 156
401 141 1432 555 494
540 1014 561 625 1553 555 1509 793 805 1034
1588 486 1373 156 1034 46
463 376 670 156 1125 1543 546 977 1588 1080 1034 46
175 238 638 587 1208 383 156 406
387 374 374 357 116 1373 156
1576 156 463 1550 133 1588 254 466 777 883 1208 230 304
1435 1470 156 662 391 894 519 1158
107 1208 1540 387 1373 793 1034
175 500 945 466 133
1588 376 670 156 1212 977
160 442 387 624 625 1034
175 1588 1540 1208 793 387 175 1034 46
1014 68 466 1588 374 374 374 507 156 1034 46 390 1588 1034
107 175 638 587 175 1588 1540 805 1373 1034
793 887 1588 1346 1208 777
175 1391 19 153 156 1101
1507 220 1588 1253 156 1034 46
1057 977 1381 1559 879 1124 678
983 977 555 714 1165 156 1034
15 156 1216 578
175 1014 141 1470 156 1588 852 437 1208 919 861 1588 630 31 882
107 1208 840 804 387 1511 1034
175 1470 156 780 279 281 894 751 1158
184 625 1463 1354 1208 1373 208 1269 1269 1463 13
840 804 1243 1034
553 575 1092 1034
1585 977 1033 1478 156 1034 46
1309 1348 432 948
1278 387 561 625
107 1208 175 238 638 587 175 1470 156 1216 622 555 618
534 160
793 1027 578 726 68 156 46
376 670 156 1114 977 1588 73 156 13 346
175 315 156 463 314 977 1494 112 346
1540 1476
107 175 1470 156 977 1033 1060
791 59 1415 1511
175 156 950
493 1126 87 1034 46
971 617 977 1470 978 1178
175 1470 156 45 860 787 140 1452 860 465 1588 818
175 1123 1470 1158 1364
1470 156 464 887 350 1033 8
1065 950 267 34
148 252 423 808 182 1028
107 1208 625 936 1208 1588 561 625 1208 1367 60 1208 606 173 1178 777 860 1045 173 1178
278 570 977 548 691 1034 46
131 1364 133 1208 894 1588 555 714
107 1208 793 763 901 156 1510 129
555 140 555 1562
107 8 1309 1267 301 844 977 523 1245 129
1470 156 887 106 1158 970
1014 1376 808 1252 1034
107 1208 561 625 241 926 1511 1034
107 1208 578 816 1046 156 1227 1364
175 545 45
274 977 1080
1171 561 625
993 925 463 977
793 191 1588 497 1034
1014 68 339 387 1540 1034 46
578 1553 971 1553 816 1070 156 977
107 1208 175 1267 1208 1014 134 1540 1373 882
376 670 156 977 748 1537 999 993 842 46 1145 712 1148 327 346 46
1418 977 1373 176 580 1158 555 901 1510 1034
175 625 1588 306 840 387 278 1034 46
1055 1208 1507 860 578 76 156 1113 156 887
175 1470 156 463 1312 45 360 1208 463 45 342 1521 46
1470 156 772 1425 406 1588 491 156
578 754 141
591 780 555 1034
1215 1308 1364 1034
1507 883 894 1588 773 1034
1215 1308 1364 1470 208
887 241 718 12 1322 66
555 700 1034
719
1507 1494 948
175 156 625 306 1354 387 1373 44 1227
977 555 1034
241 1085 175 1165 1227 45 1034
459 309 156 220 374 374 374 681 156
793 1588 617 1216 1034
1376 1354 129
374 374 357 625 1354 860 1373 1278 977
793 1540 805 1511 129
555 16 1194 1376 1034
563 1165 1227 745 156 1376
427 193 1428 977 147 489 374 374 374 453 374 374 374 1034
793 993 925 156 977 9 1588 1490 156
555 406 63
175 238 1470 1465 1566 1079 316 977 1036
175 1470 156 463 780 523 591
430 1588 1476 430 1588 1562 1034
993 925 977 1166 1034
1540 241 1373 382 332 1034
1415 1242 902 156 191
1507 173 442 823 343 1034 46
733 887
175 625 846
793 977 894 555 1472 156
107 359 1546 1158 993 925 977 238 638 587 977 1588 870 156 1466 1034
107 383 156 406 578 1586 46
175 156 625 1463 515 1093 1590 1146
175 1267 1470 156 977 805 1081 1034
295 1258 1376 1034
500 1437 406 523 1092 1034
175 1470 156 1376 1111 300 540 1131
636 340 555 173 442
1529 950 225 101 140 1488 1158
625 840 1243 1034
175 1470 156 1216 300 903 409 1208 1470 994 983 156
175 1470 156 950 1291 1414 489 374 374 453 374 374 581 1272 1112
769 1158 1261 175 1018 1588 1540 1208 718 1373
175 1470 156 496 45 683 1336 1588 932 52 435 374 374 374 671 1588 714 1512
793 977 894 1588 920 977 1034
452 977 156 133 578
793 173 442 807 234 1510 13 1034
523 1470 1490 156 1027 1208 1470 156 394 156 1158
240 168 86 555 714 602
1309 1267 175 1470 156 793 1578 977 1552 523 452 1245
175 1391 285
1540 853 165 1474 777 838
107 175 1470 156 950 1303 1120 918 1208
175 1546 156 993 925 977
314 971 617 156 977 44 899 1183
1391 977
1104 1409 86 1034 46
1470 1158 780
175 1470 156 945 466 117 1588 511 129
1540 241 1511 1034
1055 1208 977 1588 274 993 925 977 1034
530 912 1208 1540
107 1208 793 718 96 381
478 1208 140 615 561 625 1373 978 1287 156 13 346
942 1202 1376
1540 1356 1034 46
805 200 1403 977 1034
1014 68 950 1588 91 156 882
1075 1483 803 894 1033 882 46
578 387 287 156 977
1459 1546 1576 466 860 555 1060 408
175 1470 156 1027 1494 1472 894 1033
793 1148 430 1027 1034 46
971 617 1562 1165 490
800 1540 555 1351 1034 46 808 1508 1034 46
107 860 860 979 1014 68 977 805 943 705 971 156 1034
499 1373 278 977 805 1034 46
555 59 1034 46
1055 860 1111 1470 156 401 141 1033 1586 739
107 1208 1507 1014 1047 894 1588 466 1034 46
540 46 793 1540 338 1034 46
175 156 35 994 1158 1035 1158 1208 1494 1203
1462 1540 1377 140
175 1470 156 278 977 1131 1588 292 156 882
793 1588 466 1208 101 430 1441
220 156 1037 1379
1507 578 387 759 180 1373 156
423 599 1111 1033 1358 977
1470 156 977 555 1124 824
175 625 1588 1540 387 1373 793 408
322 993 925 977 1333 993 925 559 889 1510 1463 13
1165 587 983 45
1435 1470 156 371 466 1470 1158 1420 1208 143 634 1274 1254 1430 1494 337
1588 1196 156 1479 1034
1055 1261 1540 1415 948
1106 87
1461 1365 1494 1563 836
1507 883 894 1588 160 442 1034 46
896 1158 13 1486 435 1373 1208 18 429 389 59
1408 156 86 1588 1118 156 1034 46
676 1544 948
793 902 1494 1563 191 46
1128 977 1480 677 826 603 374 985 714 1512 46
1501 39 1364 805 1215 1308 1034 46
217 1151 860 1368 1166 156 159 860 387 314 977 408
175 1470 156 141 1033 1586 40
107 1208 1014 68 387 561 625 1034 46
1014 68 500 1373 1092 1034
107 1208 793 555 1476 1208 240 1034 46
1278 617 971 1510 89 1208 977
1133 1160 890
1381 680 1373 156 1194 156 463
1507 793 339 800 1540 1052
175 1588 1540 175 853 862 346 46
175 463 993 925 1213 1226 449
793 780 554 156
314 977 168 1206 1016 156 1154 1034
1376 805 1333 497 168 470 1034
1055 1208 1212 977 374 374 374 374
1490 168 341 455
793 1500 500 1373 989 1034 46
459 186 977
1355 1165 1223 140 800
977 1588 316 977 860 777 523 828 156 46
1309 1267 1105 156 989
413 977 1494 129 1033 1482 156
175 1254 110 251 1148 1238
107 1208 793 977 1588 1148 971 156 1034
359 1470 156 237 661 1049 977
175 1470 156 1027 1131 714 894 1033
107 1208 1208 238 1267 625 1590 515 1590 1354 805 1373 140
1055 175 156 625 431 1354 1208 1500 1062
901 977 993 168 935 985
920 977 387 714 203 346
584 555 530 387 971 617 977 1034
1121 977 718 1439
188 1126 87 1034
1352 1364 494 805 1215 1308
1373 844 977 1500 805 540 1373 316 977 408
1355 947 894 555 714
175 238 574 587 61 116 99 671 1370 156 1425
107 1208 175 238 638 587 175 1470 156 463 950 805 243 48 1034
220 714 255
1055 860 860 793 1329 1588 740 1354 156 1089 1272 555 468 1034
1376 1208 748 1424
427 793 977 1588 1494 1470 156
463 993 925 977 805 1242 260 156 601 129 46
1540 1507 1373 463 13 46
107 1208 175 1470 156 1376 1208 484 1071 156
578 971 901 156 977
1540 1243 140
175 1470 156 371 466
662 1252
1507 175 625 778 1373 714 449 13
1165 1376
555 1027 129
1111 175 1470 156 1061 977 808 555 811 178
1467 1470 977 578 343 882
1014 68 977 894 1588 714 156
397 59 578 266 156
175 1470 1158 1420 466 1208 853 84 1420 156 1208 1494 101 410 1158 1430 156
175 1391 1190 156
909 901 156 1034 977
1475 427 540 1085 175 888 464 156 1316 1588 477 156 612 977 1436 8
45 46
1540 805 1511 1271 1017 140
220 1588 374 897 1034
901 977 408
321 1355 133 555 1040 1034
617 44 156 977 1467 1367 1205 1034 46
1153 925 156 549 977
805 1341 1034
1014 68 780 578 591 46
1376 805 965 497 1034
175 1470 1158 743 406 774
561 625 140 387 1034
805 1085 175 1165 1227 387 1018 156 977 1034
1309 937 87
1014 68 950 1588 1311 933 156 1034
810 800 731 555 1426 1034
376 670 977 1080 1034
401 156 141 1165 374 374 357
175 1470 156 376 670 1061 1429 977 725 156 343 1588 1080
1150 921 1182 1445 156 40 1208 197 140 615 582 755 628 1158
1085 175 1165 743 816 1070 977
107 860 561 625 805 1373 1034
175 1470 156 950 1483 1224 894 1033 1208 818
1014 68 780 578 593
93 555 1364 1034
175 1071 156 1588 887 1208 1563 1120
175 777 523 274 160 442 1208
832 156 564 1562 1588 629 777 474 629 156
35 895 46
107 1507 490 278 1376 750 613 140
175 156 625 840 516 264 860 860 1268 152 778
198 793 1543 915 1101 1208 512 1407 882
188 578 102 569 178 156 45
1057 977 761 1125 694 861 541
107 1055 1208 359 1470 156 1376 63 523 1204 922
1219 466 1034 793
1498 1208
175 625 222 1354
1494 175 1470 156 887 1588 859 156 882
1507 1540 1243 1034 46
175 1470 156 1027 710 1373 1208 970 882 46
793 977 1380 1510 1034
625 653 714 977
107 1261 696 528 657 1076 249 1588 723 1399 842
591 780 1208 137
1055 1208 1014 68 141 805 1092 1241 1034
1507 793 339 387 1540 1034
793 401 141 555 1582 312 156 129
175 1470 156 463 240 195 140 1088
1376 555 1472 455 156
621 1014 1562 1038 1208
107 1208 1540 387 129
175 1588 1540 1178 1373 1034
175 1391 156 977 1588 376 670
977 1588 971 156 381 1261
175 156 625 515 1208 555 1506 530 1208 238 1470 1227 977 1187
485 625 387 9 173
175 1546 156 1575 1477 77 1364
1014 68 971 617 406 718 933
192 140 387 793 339 175 625 561
175 1459 1470 1158 1522 31 45
793 45 523 1494 1549 45 360 1131
806 1540 1563 978
175 1470 156 1588 977 381
175 238 1470 278 45 1208 419 777 330
1128 977 1470 1174 192 243 246 46
107 860 860 860 625 1094 96 1553 1588 840 860 860 1494 1242 46
478 1261 175 238 638 587 1208 793 1045 37 156 561 625 805 1373 1034 46
662 156 904
376 670 977 1041 1034
578 299 6
1142 1165
143 318 860 878 977 860 115 46
555 160 1034 46
175 156 203 127
1507 1111 175 1470 156 401 141 1275 230 1419 156 140 1154
1507 220 1316 841 836 1034
1063 156 1027
175 1470 156 1376 452 1158 970
107 8 401 141 1467 1050 284 8 1294 374 374 156 864 1367 1040 1034
1023 887 882 46
175 1470 156 977 1131 555 1124 678
1507 578 1562
118 387 201 156 1478 1373 46
1540 387 978 46
107 860 860 596 268 160 442 555 713 63
158 466 718 1190 1034
793 968 860 1391 1141 156 129
625 502
1588 983 977 1034
175 625 1453 1208 840
793 1588 114 1058 1034
107 1208 793 662 1588 1395 1063 156 1034
175 1470 156 463 1116 808 209 1588 783 1158
107 793 748 141 1034 46
401 374 374 374 145 156 214 189 18 141 1034 46
107 1208 793 133 894 1588 432 948 156 1034
359 1470 1158 211 977 1208 117 1588 1080 129
359 1470 1158 998 35 998
175 1470 156 887 226 860 1538 1111 1033
1376 1498
500 1165 1376
459 309 463 977 1080
175 1391 1318 430 35 998
459 309 555 316 977 1034
107 1208 175 238 1507 555 299 659 129 46
1215 1308 1364 1151 1588 555 1237 156 1208 175 1098 1158 1494 1033 837 555 1237 882
875 953 156 722 1049 977 808 555 1330 1034
238 1470 793 977
625 1354 387 1373 714 173
898 1355 241 898 797 1034
107 1208 175 156 1588 840 804
175 238 574 993 587 1208 175 500 1373 714 1364
1540 387 1373 1271 1017 1034
376 670 1061 977 1080 46
1070 948 133 1494 1373 156 882
107 1208 175 1470 156 950 1143 188
793 35 831 1103 156 1034
107 1208 1014 1227 1588 316 977 1034 46
1501 39 977 787 431 262 1208 818
816 1319 1165 587
359 276 1158 658 950
1540 387 1034 730
654 941 675 160 442
555 335 985 810
175 1470 156 600 45
175 156 114 1142
578 892 156 984
561 625 1500 1409
555 1101 156 381
639 977
175 238 638 175 1470 156 793 316 977 1588 1031 516 156 1034
1507 920 977 1409 912 805 1373 1034
828 1352 210 977 523 1245 1034 46 798 782
463 1189 344 466 819 1208 140 615 1436
1470 156 977 1131 555 1490 1249
1507 993 925 156 316 977 346 46
175 638 587 793 1027 555 974 156 1034 1208 928 1470 920 156 555 1034
175 1588 561 625 1208 1470 994 1540
460 1574 977 1165 886 482 500 229 1034
1355 1290 1040 1588 1328 609 636 408
1111 540 493 1470 156 977 860 894 1048 882
1309 1267 496 45
1588 658 950 1034
1095 1470 156 950
175 1470 156 1376 106 1158 1346
517 175 156 35 998 1588 208 156
1540 1373 737 156 13
305 220
971 617 977 1463 13 156 1588 44 1227
101 430 191 1034 887
107 793 977 820 78 1034
175 1470 156 950 1274 1222
793 1481 479 189 168 463 479 985 1510 1154 1034
175 836 1463 1354 1208
1111 175 1470 156 945 466 701 1339
793 1364 578 434 156 1394 84 1158 46
1347 1463 646 1208 445 1208 625 1463 1354 1208 1373 9 455 187 173
175 1470 156 278 887
971 617 1364 1567
427 1014 977 1056 1158 1208 175 140 967 1470 44
555 892 156 1034 46
175 1470 156 950 1320
793 950 1436 882
175 238 1470 1258 1376
175 1470 156 1588 466 860 79 949 156 1588 1441 860 970 46 143 1026 435 615
175 1470 156 463 977
1462 800 1540 1316 387 1261 46
1142 860 860 591
993 925 977 374 374 828 860 894 754 714 443
175 1470 156 35 998 990 1588 910 156
175 1588 561 561 625
977 340 578 1124 678
1033 260 156 68 1158 1034 532 156
16 1194 1376 1034
240 1412 1530
421 196 1376
638 587 1208 175 625 515 1208
1588 180
552 780 1123 500 1373 160 442 1034
1014 894 1588 920 977 1034
175 1546 156 968
175 1470 156 977 748 708 977 1034 46 1494 1033 346 46
793 45
1507 1014 68 1065 950 794 1588 91 156
376 670 156 1278 977 1041
793 1376 1367 1034
1309 1267 175 732 1470 156 977 148 1511
1309 1348 341 1266
173 442 555 1437 1510 1034
175 238 1071 1430 561 625 156 133 1208 1085 1165 587
107 860 793 1027 1367 1080 343 1034 46
793 1027 777 168 1381 1154 1034
81 1486 1470 156 1009 1033 793 989
459 594 1176 374 374 374 1080 1034 46
175 1470 156 463 977 935 828 46
793 977 1561 844 1158 1500 1373 1245 1034
1497 160 442
1055 1261 561 625 805 1373 1034 46
1571 774 156 1155 241 671 266 430 1034 46
1055 1208 1467 1500 241 36 977 156 1432 1034
175 156 625 748 840 156 1208 1377 1034 46
1383 173
295 486 1373 156 1034
1115 977 168 433 977 374 374 357 805 1373 1034
175 1470 156 1364 1402 140 1088 970
175 1391 1227 665 455 156 1376
1507 555 129 555 971 942 1061 971 977
625 392 793 805 1034 46
1014 68 977 736 140 387 1373 46
220 1588 1080 408
1055 1208 240 555 714 537
175 545 793 160 442
977 96 878
160 442 555 1034
107 1208 427 1014 390 141 555 935 507
1027 291 1107 1158 970
977 463 971 617
175 1391 703 1541 156 887
1540 1165
793 387 1540 46
175 1588 1540 1208 1361 1094 1433
1014 68 1364 1500 241 1040 1034
1128 977 603 156 1450 1588 714 1512
555 665 455 1376
175 540 217 153 1470 156 220
175 18 238 202 401 156 141 457 714 1512
1111 383 406 1581 1158 1586 739 1148 374 374 743 1427
625 1554 1591 1540
175 625 561 1208 1591 1208 160 1524 714 191 156 336 46
793 887 1588 130
1343 1218 86 143 101 140 1419 1158 1034
658 950 50 1034
175 1470 1158 0 977
668
1470 1158 743 989 1274 748 865 156
175 1470 156 977 1483 894 710
107 175 156 463 401 156 141 1494 1033 1586 739 346
175 1470 156 390 383 406 410 1158 883
978 1243 1262 1540
1215 1308 810 1208 44 14 168 625 1557 1208 137
578 316 977 984 8
993 925 977 1588 1490 156 1034
1355 133 463
374 374 357 1208 175 156 647 1208 1540
1055 860 860 1540 805 140
1128 977 860 505 1588 664
1211 1364 860 555 683 1580 1034
815 977 1131 1373 156 555 449 407 1034 46
1055 860 860 1376 1314
625 1354 1208 714 435 13
971 617 463 1588 479 971 977 129
1376 241 1018 988
1089 977 818
805 1165 1227 530 912 1284 387 156 1212 977 1034 46
141 1513 1158
1014 68 387 1354 625 140
1057 977 699 454 91 1299 882
1367 1159 173 1034
278 175 241 1373 1134 46 625 1354
66 887 805 1163 1014 374 374 1491
278 13 1092 1034
793 977 555 714 562
175 140 615 1242 44 1227 1216
175 238 638 587 359 1470 156 401 141 198 283 796 1088 1588 448 346 46
1373 844 977 500 229 1034
1588 1156 894 1588 466
175 1470 156 878 977 313 374 374 374 681 1208 1467 1367 1060 1034
1462 403 561 625 1373 1034
1027 1588 1395 777 140 1395 156
669 1158 600 316 977 860 860 1148 505
175 1470 156 1206 1016 977 1208 1061 977 1151 1158 555
175 625 467 714 86
459 309 156 220 1080 1208 175 1588 1071 327 777 523 1071 1251
463 114 748 958 374 374 453 374 374 1034 46 46
175 1470 156 977 1208 140 12 1277 645 156 168 738 156 1356 1034 46
175 625 1354 278 805 1034
1055 860 901 807 234 1510 1295 156 860 1588 9
463 1540 805 1373 1034 46
793 1588 486 1373 156 408
1055 175 1470 156 1364 1494 101 1373 402 101 1033 1158
1055 1208 175 238 1138 587 175 1071 156 463 401 141 120 156 508 805 129
359 1470 1158 743 1376
810 1510 13 1034
175 1285 1470 156 212 977
555 530 156 804 1208 387 44 1227 977
240 168 885 555 714 602
1467 401 141 1588 1438 156 1223 1034
1014 68 977 387 538 156 408
175 616 18 1540 1208 192 140 387 1373 793
376 670 1061 272 1588 1080 1034 46
625 515 1208 1165 59
625 1463 1354 1208 387 44 1227 346
1051 638 490 1208 1014 68 604 1494 229 46
1080 459 594 87 192 747 156 339
1470 156 887 1131 106 1158
555 1212 977 1034
401 141 578 698 346
1142 387 737 156 203
148 1242 625 387 44 899 675 173 442
793 370 45 1382 156 1588 935
175 1470 156 1376 1208 1329 540 1074 566 119 970 346 46
945 466 1041 1034
578 805 1411 516 156 977
175 793 1376 1494 380 1158
1135 35
175 1470 156 793 1562 374 374 374 1003 935 375 156
578 1086 1293 156 1376
86 1449 624 203 1393 387 156 339
1313 805 503 1034
1507 1014 387 1373 1540 1034
1470 156 977 1151 243 1394 1208 281 1494 1033
175 625 1317 515
175 540 19 423 808 1492 1470 156 371 133 466 1208 627 916 1579
555 1536 908 156 977 1034
19 578 240 882
1092 523 1373 714
374 374 374 156 1057 977
1151 490 788
1057 977 156 977
175 625 1463 518 1059 561 625
714 191 387 1540
902 1494 1563 191 984
977 555 714 1510
1111 175 1470 156 977 931 1494 1349
175 1470 156 555 1464 977 1111 1033 221
584 555 1319 1373 579 1278 316 977 1463 13
1331 1355 173 442
107 1208 920 977 500 229 1034 46
1014 68 977 860 1588 860 1585 156 1034 46
793 1540 1373 805 1034
793 45 578 1165 156
898 146 46
1367 989 1034 46
1585 156 977 808 431 150 1034
971 617 59 555 1430 156 1034
1125 1057 977
793 192 920 977 381 46
1255 332 156 930 555 1562 1034 46
376 670 977 699 1494 1299 156
593 780 555 1034
1014 68 180 241 99 1034
993 925 977 1208 489 374 374 453 374 374
1540 303
887 175 805 523 394 156 1034
361 59 1034
90 675 173 442
175 1470 156 141 1391 954
566 1144 1144 156 1045
1507 1014 1178 561 625 46
793 977 555 714 468 46
1014 68 466 241 1219 1034
175 238 438 912 156 977
1111 867 339 1208 401 141 1208 19 555 156 266 374 374 374 10 156 266 374 374
93 1142
175 1470 156 1560 1027 1588 1260 156 1208 894 1354 1158
463 1057 977 5 1494 293 1120 346
235 1002 968
316 977 1588 1313 1034
1055 1208 427 793 977 555 1472 1510 882
466 1208 1219 1034
799 251 689 1092
540 1034 1208 793 387 561 625 882
364 1437 1034
793 977 1588 617 156 1034
856 314 316 977 387 1409 625 1034
19 1247 316 977 1034 1208 427
175 238 638 587 427 1208 793 827 1116 1034
107 1208 175 156 418 1216
175 238 638 587 1014 68 977 808 209 144 286 1208 376 670 156
793 406
977 1588 901 156 129
175 238 810 1373 1310 452 1525
662 555 1490 1034
793 1157 387 1540 1373
1148 430 887 1034
887 805 12 175 149 66 156 408 46 46
793 143 1300 848 263 1034
175 1470 156 950 933 1500 642 101 122 1158 1208 970
1507 490 1014 320 773 1588 611 777 863 156
761 156 1588 173 442
116 724 99 671 1370 156 1091
1165 743 977
800 561 625
427 1014 89 156 662 1252 882
175 205 1470 1158 376 670 156 977
175 1470 156 161 386 977
793 893 241 898 1162 1395 1027 1034
578 887
1507 280 1498 1338 457
625 431 1354 1208 387 1373 1034
748 1151 1005 609 804 1034 46 1111 1388 1588 105 561 804
175 238 638 587 1208 19 1588 93 156 495 1058 1034 46
977 555 714
1543 1201 1125 1175 977 779 911
977 617 971 1034
80 961
977 384 255 1588 46
793 894 1588 920 977 1034 46
793 82 561 625 805 1373 1034
93 156
19 793 1540 387 1034
555 976 977 835
175 1470 156 887 894 106 1158 970
1507 1588 1373 1158 466 482 1373 156 1034
1507 555 1476 1034
238 1267 9 466 805 1139 1173
1507 793 977 241 1215 908 1455 1034
175 134 523 1536 908 458 159 977 984
977 1588 292 156 129 46
1055 1208 175 1588 1540 805 1373 1034
763 714 1535
894 1588 1354 156
175 1470 156 682 466
887 578 1288 156
19 156 75 977 1588 404 156 46
1014 68 977 578 364 1264 977 156 775
1286 587 977
883 466 1208 1494 101 296 1158 254
175 625 259
1014 68 466 1588 1118 156 1034 46
107 1208 175 1391 574 587 1208 175 1588 840 804 1208 625 431 778
682 466 1219 129 46
175 540 1069 1014 1470 156 950
107 1208 1507 587 401 141 785 168 385 555 714 602
1376 140 1252 156 1034 46
1278 1463 387 561 625
175 238 1563 1227 1364
675 857 441 168 1214 978 807 234 1510 13 1483 46
1072 1588 1540
1309 1267 1208 175 1470 156 942 1102 977 313 374 374 374 1111 140 12 1060 346 46
1170 1571
238 638 587 15 156 1493 977 1588 374 374 991 156 46
175 555 240 1158 1208 452 240 900
238 1470 481 316 977 1208 420 1470 1581 46
1507 555 693 887 1034 46
793 977 578 503 156 537
1470 156 1588 662
555 773 408
1364 140 387 1054 1373 1034
460 1574 977 374 374 1588 1148 1014 1000 1034
19 1089 977 555 266 1034 1418 1191 1008 977
805 289 1376 1034 46
1588 993 925 977
1055 175 1470 156 1027 555 431 881 156 787
761 394 156 887
561 625 805 1373 278 1034 46
1576 466 133
66 887 887 1034
638 490 1208 167 1403 133 1588 561 625 1243 1034 46
175 660 12 175 1470 1158 45
478 1208 1507 462 523 1494 446
175 43 1022 156 1376 1208 140 613 156 555 1089 713
1367 1390 45 129 46 238 1470 254 539
1446 1071 1581 1158 887
196 1376 1252 1034
274 173 442
238 356 490 1123 1470 156 780 558 591
175 156 662 140 1199 1208 718 1373
1055 1208 1507 793 800 1540 1052
1507 625 516 306 264 1208 625 515 1208 1373 1476 1373 1158 520 1553 1354
140 613 1376 1588 847
175 1391 463 662 1033 693 1034
107 1208 175 1470 156 278 401 141 1111 1033 444 40 882 46
1494 109 878 977 49
640 472 1456 872 1355 133
887 1148 430 191 1034
1055 860 860 860 860 1273 166 156 1027 1165 587
793 977 555 714 1040 1034
175 1470 156 793 945 156 466 860 860 860 1588 489 374 374 453 374 374 156 860 860 860 1494 1223 140 800 882
374 374 357 156 180 805 1373 793 408
175 1588 1540 1373 978 1287 1463 13
103 1077 768 1304 1042 555 714 924
1540 581
175 1391 743 977
793 173 442 935 507 156 882
175 625 392 278 13 1034
45 787 748 168 1123 1470 156 1154
319 524 793 977 800 714 1484 156 625
1540 1470 208 13
555 1477 1364
1055 860 578 220 882
175 1588 561 625 1373 1014 1227 1178 1034
314 977 1345 625 1034 46
175 1588 1540 64 555 1070 516 1370
1072 840 1409 625
793 720 977 944
793 339 805 1373 1540 1034
578 687 455 156 1027
175 447 1588 1540
1055 1208 175 625 717
175 1470 156 401 141 1111 1033 1586 40
173 168 857 555 714 602
140 615 278 1157 387 175 647 1511 46 652 374 374 357 1208 625 306 1354
1543 1008 977 1494 1511
1057 977 1494 125 833
493 578 220
316 977 156 1379
1571 774 1367 408
1507 849 156 185 802 241 206 721
1215 997 1364 1585
1309 1209 59
175 1470 156 977 1588 374 374 985 1208 1111 329 374 374 985
555 950 156 729 266 1034
175 238 1507 587 175 1470 156 793 977 555 731 1426 156 1034
1459 175 1470 156 977
625 1140 1377 1014 1034
107 860 860 175 1470 156 401 141 1324 1158
359 1470 1158 220 1208 1507 555 1060 1034
555 1514 156 173 442 1034
306 257 1208 306 997 1208 1085 175 1165 1227 1364
175 409 156 374 374 156 35
175 1470 156 515 1208 748 1151 555 977 84 1034 46
1014 68 977 578 589 46
107 1208 175 540 993 925 1572 340 1470 1158 977 1208 197 1388 156 977 748 648 156 68
977 205 578 489 374 374 374 453 374 374 374 156 343 346 46
376 670 156 463 977 1588 1080 1034 1208
175 1470 156 810 306 614
625 891 1373 623 1520 1034
1309 1267 376 670 156 315 68 977 1208 1470 684 993 322 147 71 453 1034 46 46
1540 805 1242 1418 278 1034
406 1588 935 507
463 376 670 156 977 677 156 1588 1080 1208 1588 1259 1071 490 327 498 1034 46
1540 387 714 173
793 220 805 30 672 408
625 392 1278 1571 346
1507 175 1588 1540
857 442 1142 238 389
1055 1208 175 1470 1158 934 1027 1208
463 459 594 87
1089 1507 1540 805 1373 129
1014 926 894 1561 977 777 426 765 977
107 1208 175 1470 156 715 218 156 1364 1494 1033 221
1055 175 1470 156 887 1131 156 656 329 513 1033 46
977 207 805 1073 156 381
1014 977 555 714 1122
387 625 1354 156 1431 1034
463 1241 948 156 463 1373 1472 181 46
374 374 985 894 1588 977 129
1309 1267 1540 1373 714 13
561 203 805 1373 1034
160 442 748 883 1034
578 901 807 234 780
1234 977 140
1055 1208 138 156 625 387 44 899 1142
19 793 1376 1452 1034 46
1540 387 149
192 1080 376 670 977
175 1470 156 1588 1364 1034
993 925 793 977 1588 1080 1034
1355 133 1500 492 381
376 670 977 1080 1494 36 46
793 887 1367 1034
579 316 977 1409 912 805 1511 1034 46
1014 977 1588 1588 1206 1016 156 1034 46
658 950 72 13 1034 46
1055 1208 1165 1227 971 977 592
1148 1543 1208 175 1391 240
675 173 363
1507 1208 1014 1244 1216 555 714 69 1034 46
175 1470 156 773 1588 1033 843 156 1208 197 590 843 156
463 316 977 28 1123 523 452 1375
1507 1057 977 578 1124 678
793 1588 901 977 1034 46
1010 989
463 22 805 389 463 807 234 156 1430 408
793 314 977 1294 374 374 581 374 374 374 748 374 374 1034 46
478 1208 1507 1014 387 374 374 357 156 180 1511 1034 46
175 1588 1540 156
807 234 173 442 305
86 1449 561 203 1393 1353 1278 387 46
1364 578 70 156 369
793 977 555 976 882 46
1212 977 346
1395 1034 1027
1376 1261 1261 1261 1261
1470 1158 1376 168 1425
175 238 638 1494 175 1470 156 45 683 767 140 1088
1470 883 316 977 1208 555 1394 1034
1055 860 860 1014 1588 993 925 156 316 977 1034
175 1470 156 1588 466
175 1391 45
1540 1208 1358 1436
175 625 781 1208 485 804 1208 853 1373 978 308 156 173
1576 466 860 1367 1060 1034
625 1463 1021 625 172 1044
887 761 693 156
1014 68 977 175 718 1373
1142 83 431 1342 894 140 1088 1208 818
316 977 523 523 229 129
175 1470 1158 766 878 977 1208 298 674 1151 555 1060 1208 1111 175 939 1581 46
773 1131 1588 687 1025 1034 46
1014 68 387 561 625 140
793 45 1588 254 374 374 374 1034
1476 1208 983
1507 793 578 1562 46 46
427 888 793 951 374 374 374 374 374 374 374 374 374 374 374 374 374 374 156 371 466 452 1158 805 1034
175 238 1470 278 156 497 1376 1494 1129
175 1588 840 530 912 625
427 1043 578 714 977
107 175 1470 156 1116 106 1158
793 1358 387 1540 1034
1014 68 977 555 387 983 1034
86 1449 624 203 1393 139
192 1212 920 977 882
175 1588 1540 1208 555 530
19 27 1131 578 901 156 1510 156 977
175 1470 156 401 141 1494 1033 1586 739 346
977 175 1391 705 1356 1034 46
238 574 490 920 977
555 665 455 1376 1034 46
662 1278 13 1373 1055 1208 1165 490
761 156 1588 66 410 1158 743 1490 156 887
977 578 1423 191 156
989 805 1515 1161 156 1350 12 175 409 490 1034
1507 1540 156 241 1373 1034
1481 1045 1588 714 191 156
180 1373 156
175 540 423 808 1470 156 156 321 1027 1208 282 334 1397 1257 1158 1315
240 555 737 156
1343 1218 86 21 1228 305 1034
175 1470 156 1128 1392 977 1588 192 651 156
175 1470 1158 1464 977 1208 622 1322 156 1588 992
578 816 257 168 194 219 156 1364
175 1470 156 1364 277 1066 710
1540 1415 948 1449 374 374 357 1393
1337 977 555 714 255
86 1449 1396 203 1393 1588 1378 1034
971 617 977 555 976 46
175 625 1354 278 1436
301 844 977 500 1245 1034 46
1490 887 408 46
213 1543 168 240 894 718 1373 1034
35 969
1365 1588 1461 156 777 1447 156 346
1014 68 773 1367 1034 46
793 191 1588 497 1034 46
107 1208 1309 906 278 977 1588 1174 374 374 985 1034
1588 1230 466 1034
175 1470 156 376 670 156 977 1588 327 1034
493 977 901 156 555 976 46
894 1588 466 46
175 625 232 1208 561 1208 241 718 1373
175 1470 156 466 952 1158 1208 164 1545 82 156 1118 466 1208 1494 1404 882 46
1014 68 977 374 374 357 387 1373 46
160 442 1367 1034 46
793 968 1317 1094 859
561 625 853 1563 44 1430 46
1211 1364 1494 1326 619 46
938 892 483
1585 983 1429 977
175 238 638 587 1585 1061 977
1469 77 813 447 977
175 238 638 587 1208 175 238 1470 950
107 1208 793 977 523 229 1034
662 1588 1395 156 1034 46
45 300 1108 1581
387 784 156 180 99
1470 156 878 977 1373 1158 1485 96
175 718 892
107 175 1391 394 156 887 805 1034
1128 1392 977 387 635 731
175 1470 156 993 925 156 977
175 1588 1540 387 1034
1518 1383 1346 173 605 935 163
1588 1212 977 1034
175 238 638 1540 1377 1034
175 1123 1470 156 950
1055 1208 1507 1376 555 196 396 455 1034
793 406 1413 542 195 777 817
374 374 156 1588 390 466 1034
173 442 1367 1033 1158
1507 1014 1227 523 1092 1034
376 670 156 1542 977 1588 316 977 129
540 1034 46 805 84 1430 569 156 1034 46
19 793 1376 859 140 1252
175 156 1588 1540 1373 167 13
1470 156 968 751 1158
560 977 1588 1013 1158 46
617 977 168 617 1186 977
555 1027 1034
561 625 1373 826 808 209 412
1533 455 1376 555 1034
1309 1267 793 977 1588 1470 156 1287 156
463 175 238 540 523 743 1437
793 977 192 140 43 229
718 96 381
617 786 239 1494 300 36 115 1449 1393
625 1554 387 978 1142
1507 793 763 714 468
902 191 805 1242 1034
