0, 1
2, 3, 4, 5, 6, 7, 8
9 10, 11, 12
13, 11, 12
14 15, 0
0
16, 0
7
7, 1
17, 1
18, 1
19 0
20, 21, 0
22, 0
23, 1
24 25, 1
26, 0
27, 28, 7
29, 24 25
30, 31
32, 33
34, 35
36, 37, 38, 39, 40
41, 42
43, 31
36, 37, 44, 39, 40
45, 46, 17
47, 1
48, 49, 7
50 51, 0
52, 1
53, 1
13 54 55 56
57, 1
58 59, 0
14 15, 47
60, 31
61, 6, 62, 63
64, 31
65 65 65, 66, 67, 68, 69, 70, 71, 72
73, 7
74 75, 1
42, 1
76, 0, 1
45, 77, 17
78 79, 80
76, 0
24 25, 81, 82, 25, 83 84, 85
20, 86, 0
87, 33, 70
88, 7
78 79, 89
29, 90 25
14 15, 53
91, 7
78 79, 24 25
92, 1
13
93, 0
15, 52
62, 1
33, 1
94, 95
45, 46, 96
97, 42
4 13, 56
17
98 99 13
100, 101, 102, 1
14 15, 92
103, 104, 1
36, 37, 105, 39, 40
106, 34, 1
107, 1
108, 0, 1
109
110, 111, 7
112, 12, 113
11, 61, 12, 114
78 79, 90 25
75, 1
24 25, 37, 44, 40
34, 1
115, 0
116, 102
90 25, 81, 117, 25, 83 84, 85
118, 31, 1
57
15, 69, 70
18
119, 1
120, 121, 0
122, 123
11, 61, 12, 124, 6, 125, 126
9 10
127, 0, 1
128, 129, 31
130, 131, 0, 1
36, 37, 9, 39, 40
122, 1
132, 17
104, 1
133, 1
134, 1
135, 36
136, 137, 90 25, 1
138, 49, 7
100, 139, 0
26, 78 79, 42
140, 119
141, 142, 70
143, 31, 1
144, 0
96, 1
115, 36
145, 1
58 59, 0, 1
146, 147, 0
53
148, 92, 1
149, 49, 7
14 15, 33
13, 150, 56
151, 152, 36
153, 57
14 15, 17
154, 119
155, 0
156, 157, 7
158, 17, 1
16, 47
159, 104, 1
64, 42
160, 104
34, 161, 1
45, 77, 96
162, 119
64, 47
52
163, 164, 12, 165
166, 29, 90 25, 1
167, 168, 17
26, 33
169, 12, 1
20, 86, 36
170, 171, 34, 1
64, 36
24 25, 37, 9, 40
13 54 55, 56 172
27, 173, 134
128, 174, 31
133, 175
176, 177, 1
178, 89
75
119
179, 31
112, 12, 1
90 25, 37, 38, 40
83, 17, 56
180, 181, 182, 0
13 4, 56
23
183, 4 13, 56
184, 53, 1
115, 57
185, 1
186, 57, 187, 188
136, 137, 24 25, 1
189, 119
133, 36
132, 0
190, 0
191, 19 0, 1
192, 193, 1
166, 29, 24 25, 1
26, 69, 70
194, 102
104
195, 1
26, 47
9 10, 54 55 56
196, 65 65 65, 66, 67, 68, 69, 70, 71, 72
197, 12, 1
167, 168, 0
198, 34, 1
199, 23, 1
200, 201, 34, 1
13 4, 55 56
202, 7, 1
141, 203
141, 92
14, 0
4 9 10, 56
10, 204
205, 12, 1
206, 207, 0
98 208, 93, 0
209, 53, 210
211, 119
122
211, 145
212, 90 25, 1
89
213, 140, 119
26, 36
212, 24 25, 1
214, 57, 1
24 25
192, 215, 216, 1
211, 134
24 25, 37, 38, 40
217, 0, 1
115, 12, 1
0, 210
218, 219, 220, 100, 221, 0, 71, 72
222, 42
167, 168, 33
34
145
223, 1
107
224, 70, 1
225, 226, 227, 0, 65, 228
189, 134
212, 0
90 25
118, 31
36, 1
198, 132, 168, 17
183, 13 54 55 56
111, 125, 229, 195
230, 145
83, 0, 56
14 15, 96
202, 17, 1
82, 25, 89
13 54 55, 231
232, 233, 234
235, 57, 1
236, 0
4 13, 55 56
4 13, 56 172
237, 33
127, 0
238, 239
240, 29, 90 25
241, 155, 36
167, 168, 47
11, 242, 243, 104
244, 17
83, 24 25, 56
245, 0
132, 33, 25
246, 12, 1
90 25, 37, 44, 40
103, 104
247, 104
83, 53, 56
248, 31, 1
12, 161, 1
98 93 6, 7
249, 57
250, 57
98, 10, 251, 204
134
252, 0
253, 42
142
98 93 6, 7, 254, 255
98, 10, 204
256 257, 4 13, 56
96
57, 161
258, 0
259, 23, 1
130, 131, 0
260, 261, 57
262, 0
170, 171, 119, 1
241, 182, 31
263, 102, 1
264, 265, 1
266, 267, 1
268, 31, 1
83, 269, 56
270, 271, 272, 273, 130, 131, 274, 0, 275
195
276, 277, 145
33
278, 137, 17
47
83, 90 25, 56
108, 0
279, 0
74 75
280, 281, 104
98 93 6, 0
198, 0
282, 283, 284, 33, 285, 1
286, 140, 119
287, 0
98, 99, 13 54 55 56
288, 34, 1
289, 0
290, 291, 36, 1
15, 292
136, 137, 34, 1
293, 92, 1
9 10, 4, 56
294, 145
98, 6, 295, 0
183, 0, 83 84, 296
297, 104
24 25, 37, 298, 40
83, 47, 56
10, 251, 204
299, 65 65, 300, 0
4 9 10, 56 172
166, 0
301, 302, 53
10, 303, 204
304, 62, 56
244, 24 25
90 25, 1
305 99, 306 0, 56
307, 0
191, 0
65 65, 308, 305 99, 0, 56
184, 195, 1
62
309, 53, 310, 311, 312
65 65, 313, 18, 314
69, 12, 1
36, 37, 298, 39, 40
83, 17, 56 172
53, 81, 19 0, 83, 315, 85, 316
317, 92, 1
154, 134
318, 17
100, 101, 102
304, 62, 56 172
184, 0
98, 6, 10, 251, 204
319, 320, 0
167, 168, 96
65 65, 66, 321, 322, 18, 71, 72
13, 150, 56 172
93, 7
83, 23, 56
323, 0, 1
98 93 255, 100, 139, 6, 0
98 324, 52
83, 19 0, 56
42
13 54 55, 183, 56
325, 0
326, 12, 1
92
327, 0
328, 0
329, 23, 1
90
330, 331, 0
240, 29, 24 25
185
244, 90 25
98, 99, 44, 121
158, 17
98, 13
13 54 55, 27
183, 0
223
332, 119
333, 34, 1
334, 57, 1
34, 161
335, 0
65, 336, 34, 1
13 54, 56
183, 4 13, 56 172
337, 338, 0
13 54, 339, 56
98 208, 93, 17
340, 104
341, 342, 343, 344, 34, 345
13, 55, 84
83, 7, 56
183, 7
159, 104
11, 346, 124, 242, 195, 81, 31
347, 47
148, 92
348, 145, 1
0, 349
350, 7
351, 305 99, 31, 56
0, 99, 14, 6, 56
7, 196
244, 53
352, 23, 1
353, 0
24 25, 37, 105, 40
354, 7
270, 271, 273, 355, 356, 26, 33, 357, 275
13, 358, 56
325, 0, 1
318, 47
359, 34, 1
360, 119
361, 0
347, 0
282, 283, 284, 87, 33, 285
256 257, 4 9 10, 56
362, 363, 0
7, 364, 233, 56
83, 24, 56
4 13, 231
41, 42, 56
10, 365
98, 10, 44
99, 306 0, 56
366, 367, 31, 83, 368, 56
98, 10, 99, 44, 6
208 93, 0
369, 12, 1
115, 15, 53
319, 124, 107, 1
370, 119
83, 52, 56
176, 177
199, 267, 1
371, 216, 1
244, 23
90 25, 37, 105, 40
98 208, 93, 7
372, 102, 56
183, 304, 62, 56
132, 96
373, 107, 1
13 54 55, 374
98, 6, 10, 375, 365
376, 0
264, 34, 1
377, 283, 378, 87, 33, 285
379, 0
262, 0, 1
98, 10, 380, 204
98, 6, 0
83, 122, 56
381, 52
382, 0
14 15, 0, 56
13 4, 231
244, 33
244, 0
383, 195, 1
65 65 65, 66, 111, 125, 229, 384, 195, 71, 72
93 6, 7
27, 233, 7
293, 0
100, 101, 385, 386, 56
267
93 6, 0, 387
83, 33, 56
388, 7
13 4, 55, 56 172
83, 75, 56
135, 15, 47
13 4, 56 172
389, 390, 89
9 10, 150, 56
88
391, 1
68, 0
92, 177
50 51, 392, 0
82
13, 393, 394, 55
172, 395, 196, 395
115, 195
318, 33
19 0, 83, 56
270, 271, 272, 396, 397, 398, 96, 399, 275
90 25, 37, 9, 40
22, 6, 0
133, 56
76, 19 0
400, 0
18, 304, 62, 56
44, 121, 54 55 56
7, 28, 56
105, 39
401, 402, 0
279, 403
306 0
98 324, 0
98, 404, 9 10
183, 89, 78 79, 56
217, 0
83, 90 25, 56 172
44, 121
54, 62, 56
83, 47
135, 53
98, 6, 10, 99, 44, 6
98, 6, 99 13
4, 44, 121, 56
405, 0
406, 1
13, 150, 231
133
1, 407, 0
353, 93, 0
93 6, 7, 254, 255
335, 0, 1
83, 107, 56
83, 0, 56 172
98, 10, 375, 204
0, 83 84, 296
183, 408, 4 13, 56 172
225, 338, 0
99, 306 0, 56 172
93, 17
256 257, 145, 211, 56
83, 23, 56 172
19 0, 56
83, 42, 56
83, 134, 56
98 93 6, 104
98 93, 0
409 410, 13 54 55, 56 172
50 51, 6, 0
93 6, 122, 411, 255
183, 90
412, 102
413, 1
7, 364, 233, 56 172
414, 13 54 55, 56 172
183, 4 9 10, 56
183, 4 13, 231
415, 416, 267, 1
256 257, 0, 99, 14 15, 6, 56
417, 195, 1
183, 4 13, 339, 56
400, 6, 65 65 65, 418, 19 0, 83, 419, 420, 6, 81, 421, 422, 6, 410, 256, 423, 6, 0, 99, 424, 6, 56
29, 90 25, 56
98, 9 10
9 10, 4, 56 172
83, 96, 56
83, 90, 56
245, 0, 1
143, 31
425, 0
426, 427, 0
256 257, 4 13, 56 172
98 93 255, 0
0, 172
76, 6, 0
93 6, 119, 254, 255
10, 375, 204
83, 73, 56
185, 411, 255
428, 429, 430, 431, 12, 432
98, 10, 251, 365
10, 433
184, 53
159, 104, 434
7, 349
10, 380, 204
10, 375, 365
154, 119, 56
98 93 6, 57
256 257, 244, 47
98 93 6, 122, 411, 255
98, 10, 375, 365
83, 53, 56 172
93, 57
0, 435, 436, 56
83, 19 0, 56 172
437, 438, 65 65 65, 439, 65 65, 56
83, 133, 6, 56
10, 440
441, 442
183, 13 54 55, 56 172
75, 244
50 51, 443, 0
444, 239
445, 115, 12, 99, 84, 446
98 99 13, 150, 56
65 65, 308, 305 99, 0, 56 172
447
448, 62, 56
244, 47
183, 0, 305, 83 84, 296
256, 0, 83 84, 296
342 410, 13 54 55 56
449, 261, 57
13, 450, 451
414, 83, 24 25, 56
136, 137, 0
141, 452
330, 331, 89
83, 53, 231
83, 17, 231
134, 211, 27
115, 269
414, 83, 17, 56
183, 13 4, 55 56
224, 70
183, 435, 62, 56
90 25, 37, 298, 40
96, 453
183, 13, 150, 56
98 99 13, 183, 150, 56
98, 454, 0
455, 4 13, 56
196, 456, 457, 458, 0
98 208, 93, 104
19 0, 435, 436, 56
98 208, 93, 58 59, 0
98, 6, 10, 303, 204
459, 19 0
414, 4 13, 56
152, 121, 55, 6, 269
83, 306 0, 56
460, 461, 0
83, 223, 56
353, 47
9 10, 4, 231
183, 0, 26, 56
202
83, 89, 56
462, 26, 296, 56
100, 463, 0
143, 6, 31
98, 99, 454, 0
98 93 255, 464, 0
148, 0
76, 0, 465
466, 467, 55, 6, 56
98, 6, 10, 204
183, 4, 44, 121, 56
93 6, 0
468, 305 99, 31, 56
256 257, 7, 28, 56
256 257, 54, 62, 56
98 93 6, 0, 83, 368
13 4, 55, 455, 56
83, 142, 56
98 93, 469, 6, 75, 470, 435, 471, 472, 316
13, 55, 473
9 10, 54 55, 56 172
44, 474, 10
135, 55, 6
475, 0
83, 92, 56
133, 6
98, 10, 365
14 15, 0, 172
476, 34, 35, 477, 478, 479, 480, 481
98, 10, 251, 204, 410
18, 482, 172
13, 483, 484
414, 13 54 55 56
94, 92
414, 448, 485, 62
232, 486, 234
84, 99, 105, 39
183, 0, 83 84, 482
487, 53
83, 141, 56
24 25, 56
244, 30, 6
98 93 6, 17
488, 19 0, 56
65, 489, 490, 212, 491, 65 65, 492, 493, 494, 0
68, 495
98, 6, 99, 13 54 55 56
4 13
414, 99, 306 0, 56
328, 19 0
83, 1, 6, 17, 56 172
98 208, 93, 19 0
192, 193
7, 496
149, 49
497, 125, 498, 499, 500, 168, 501, 502, 503, 504
135, 52
244, 68, 55, 6, 0
244, 26, 6, 0
7, 65 65 65
505, 506
135, 43, 31
98 99 13, 410, 4, 507, 56 172
93 6, 122, 508, 255
256 257, 104
334, 57
438, 65 65 65, 439, 65 65
13, 55, 183, 54, 56
509, 0
510, 412, 102
342 410, 13 54 55, 56 172
172, 90
183, 0, 99, 14, 6, 56
9 10, 150, 56 172
141, 511, 1
256 257, 408, 4 13, 56
48, 49, 7, 83, 56
244, 115, 0
512, 513, 0
305 99, 84, 0
98, 10, 514, 204
98 208, 93, 90 25
178
4, 65 65, 13, 56
1, 407, 17
10, 251, 365
435, 62, 56
9 10, 358, 56 172
515, 516, 57
98 93 6, 22, 0
98, 6, 10, 375, 204
117
4 9 10, 231
183, 4 13, 374
9, 121
13, 55, 517
109, 56
518, 0
10, 204, 4, 56
83, 24 25, 56 172
98, 99, 519, 13
244, 520, 407, 437, 133, 6
259, 0
414, 183, 4 9 10, 56
183, 4 13, 55 56
98 93 6, 118, 31
0, 55, 255, 521
183, 0, 83 84, 296, 349
98, 6, 10, 251, 204, 410
7, 54, 5, 3, 56
98, 404, 13 54 55, 56 172
98 208, 93, 223
98 93 6, 34
522, 523, 524, 1
306 0, 56
183, 75, 465
525, 526, 0
98, 6, 10, 99, 44, 6, 410, 150, 56
57, 527, 374
528, 529, 56
13 54 55, 455, 56
183, 4 13, 55, 56 172
318, 36
136, 137, 90 25
530, 56 172
125, 6, 531, 532, 533, 42
90 25, 534, 56
535, 267, 1
33, 56
256, 0, 304, 536, 56
414, 98, 13
305 99, 17, 56
353, 93, 7
537
510, 538, 92
539, 540, 88, 541, 99, 465, 6
455, 542, 4 9 10
98 93 6, 58 59, 0
342 410, 183, 4 9 10, 56
543, 436, 255, 2, 375, 486, 255
183, 0, 544, 6, 482, 56
545, 6, 0
13 54 55, 374, 172
546, 547, 548, 450, 549, 550, 410, 550, 551, 546, 450, 552, 553, 554, 554, 555, 283, 556, 557, 558, 557, 559, 557, 560, 554, 561
83, 142, 56 172
183, 18
13, 349
562, 563, 98, 1, 407, 564, 6, 104
4 13, 6, 269
76, 115, 0
19 0, 14 15
183, 13, 358, 56
13, 150, 27
98, 6, 17
2, 565, 5, 99, 44, 566, 9 10
342 410, 98, 567, 208 93, 22, 0, 65 65, 489, 6, 534, 568, 56
183, 75
34, 63
414, 83, 0, 56
569, 12, 1
13 54 55, 234
570, 571, 0, 2, 93 6
13 4, 572
573, 57
183, 9 10, 54 55 56
574, 93 6, 0
75, 83, 56
98 93 6, 52, 99, 575
64, 269
576, 0
232, 486, 234, 172
13, 577, 56 172
183, 279, 6, 0, 578, 231
16, 0, 83, 56
4 13, 339, 56
96, 435, 436, 56
579, 255, 58 59, 0
204, 10
26, 78 79, 42, 172
83, 36, 56
18, 172
13, 358, 56 172
13 4, 172
389, 390, 42
4 13, 172
183, 372, 102, 56
98, 6, 10, 580
98, 13 54 55, 56 172
409 410, 244, 23
372, 102, 231
9 10, 55, 84, 94, 157
534, 119
581, 11, 242, 8
256, 0, 582, 56
382, 19 0
53, 210
9 10, 54 55, 507, 94, 157, 56
10, 583, 584, 54, 56
574, 93 6, 57
342 410, 98, 99, 13 54 55 56
585, 96
99, 18, 56
98 93 6, 185
351, 305 99, 195, 56
44, 121, 150, 56
83, 223, 56 172
6, 0
10, 580
244, 33, 172
542, 4 13
74 75, 68, 54 55, 56 172
10, 204, 54 55 56
586, 587, 0
13, 55, 183, 588, 56
98, 6, 10, 589, 365
244, 590, 591, 6, 75
592, 305 99, 195, 56
98, 593, 93 6, 0
103, 6, 104
84, 594, 105, 39
64, 595, 31
421, 0, 56
82, 25, 81, 90 25, 6, 596
76, 597, 0
98 93 6, 57, 598, 599, 2, 600, 27, 601
98 93 6, 74, 6, 75
14 15, 482, 588, 6, 0
183, 83, 24 25, 56
98 93 6, 602, 6, 31, 470, 603, 255
10, 365, 4, 56
98 93 255, 604, 7
93, 23
183, 4 9, 6, 10, 56
183, 83, 23, 56 172
17, 27, 4, 605, 56
306, 606, 141, 607
191, 19 0
466, 75, 566, 267
608, 529, 56
98 208, 609, 407, 610, 6, 57
7, 27, 233, 234
93, 52
305 99, 306 0, 231
83, 29, 90 25
611, 306 0, 56
183, 99, 467, 55, 6, 374
183, 7, 496, 172
13 4, 531, 257
612, 403
613, 0
98 93 6, 23
98 93 255, 7
563, 98, 614, 419, 57, 410, 615, 616
98 93 6, 75
13, 55, 617, 618
619, 0, 83 84, 482
620, 0, 305 99, 621, 622, 6, 56 172
623, 183, 7
13 54, 374
83, 267, 56
624, 625, 102
244, 107
83, 90 25, 374
118, 6, 31, 1
98, 6, 58 59, 0, 626, 627, 255, 410, 2, 609, 628, 629, 172
124, 12, 1
393, 394, 630, 631
183, 83, 90 25, 56 172
9 10, 4, 55 56
13, 393, 55, 183, 56
98 93 6, 104, 27, 632
329, 267, 1
74 75, 83, 633, 634, 81, 635, 56
30, 31, 1
100, 101, 102, 533, 386
533, 76, 306 0
466, 88, 56
13, 577, 56
98, 636, 6, 99, 0
507, 99, 135, 55, 6, 56
22, 0, 520, 407, 4, 98
610, 7
50 51, 617, 0, 564
98 93 6, 183, 0
637, 57
191, 19 0, 83, 638, 56
232, 233, 234, 172
98 99 13, 410, 4, 55, 183, 56 172
98 93 6, 0, 387
68, 69, 70
639, 31
183, 7, 364, 233, 56
99, 14, 0, 56
470, 93 6, 74 75, 488, 633, 599
106, 29, 90 25
640, 104
9 10, 4, 641, 408
98 93 6, 145, 488, 339, 622
642, 119, 83, 162, 56
256, 0, 643, 56
9 10, 4, 531, 257
34, 56
98 99 13, 4, 56 172
136, 137, 90
103, 447
244, 52
142, 56
7, 644
353, 52
645
99, 83, 96, 56
0, 65 65, 646, 393, 55 56
256 257, 31, 99, 43, 6, 56
99, 18, 231
647, 65 65, 0
99, 58 59, 0, 56
78 79, 80, 56
544, 0, 231
98, 99, 44, 39
65 65, 646, 17, 1
122, 54, 5, 242, 56
256, 407, 533, 23
269, 1
4 9 10, 55 56
13, 55, 648
99, 15, 141, 56
159, 104, 649, 536, 159, 243, 104, 115, 447, 160, 650, 651, 652, 65 65 65
130, 131, 6, 0
183, 57, 527, 56
183, 435, 62, 6, 56 172
183, 31, 64, 56 172
36, 37, 105, 39, 40, 150, 56
409, 450 450, 13 4, 56
342 410, 653, 183, 75
98 208, 654, 655, 656, 117
183, 145
9 10, 55, 572, 269
98 208, 93, 22, 0
657, 0
93 6, 47, 658, 27, 601
244, 133, 6
83, 659, 660, 6, 19 0, 56
141, 203, 81, 107, 83 84, 85
661, 662
98 93, 104, 304, 663
664, 99, 306 0, 56
45, 77, 17, 572, 482, 588
192, 665
7, 316
1, 407, 14 15, 6, 0
20, 666
305 99, 0, 234
98 93 255, 667, 7
98 93 6, 119, 99, 254, 255, 6
244, 668, 6, 23
98 93 6, 90 25
248, 31
4, 44, 121
13 4, 55, 617
507, 99, 155, 0, 56
74, 6, 75, 83, 275, 231, 172
22, 0, 669, 670
93 6, 7, 254, 255, 671
409, 105, 39, 84, 446
183, 83, 134, 56
306, 108, 0
7, 672, 255
98 99 13, 55, 183, 588, 56
10, 44
0, 16, 56
256 257, 0, 14 15, 482, 465
673, 674, 675, 676, 484, 6, 316
256 257, 119, 211, 56
7, 654
13 54 55, 455, 56 172
256 257, 0, 99, 677, 678, 6, 56 172
83, 73, 56 172
455, 225, 83, 24 25, 56
183, 0, 679, 83 84, 275
83, 141, 6, 56
232, 486, 56 172
1, 257, 0
0, 680, 681, 56
83, 682, 658, 6, 7
414, 183, 0, 83, 659, 660, 6, 296, 56
520, 683, 96, 588
684, 57
235, 57
98 208 636 655, 98 99 13
98, 10, 580
122, 508, 255
93 6, 185, 2, 685, 686, 687, 688, 255
145, 211, 56
24 25, 669, 427
256 257, 244, 24 25
208 93, 689, 57
183, 54, 630, 56
84, 665
98, 99, 13 54 55, 56 172
256 257, 31, 43, 56
342 410, 98 208 636 655, 0
7, 534, 56
83, 419, 690, 6, 141, 182, 691, 692, 693, 305, 693, 27, 601, 99, 694
98 93 255, 17
238, 7
183, 244, 47
98 93, 89
7, 7
695, 304, 62, 56
696, 697, 450, 457, 698, 141, 92
699, 54, 56
9 10, 358, 56
183, 0, 83, 20, 86, 6, 296, 56
83, 24 25
350, 6, 7
98, 700, 93 6, 0
98, 10, 404, 44
0, 14, 56
13, 564, 56
98 93 6, 130, 131, 0
98, 10, 583, 507, 54, 56
701, 702, 161, 244, 421, 33, 6
98 208 636 655, 410, 13 54 55 56
73, 7, 83, 56
13 4, 55, 183, 56 172
0, 304, 703, 56
256 257, 17, 45, 46, 56
409 410, 183, 4 13, 56
98 324, 183, 96
319, 47
13, 55, 617, 588
704, 55, 705, 6
98 93 6, 0, 706, 255
707, 708, 17
7, 519, 255
9 10, 410, 709
98, 10, 204, 410
13, 393, 55, 172
710, 102
183, 408, 13 54 55 56
18, 349
99, 135, 55, 6, 56
98 93 255, 419, 134
183, 224, 70
57, 165
100, 101, 385, 386, 56 172
183, 7, 28, 56
98 208, 93, 108, 0
445, 6, 18
18, 386, 231
98 93 255, 532, 75, 2, 711, 712
98 93 6, 17, 713, 714, 715
183, 0, 83 84, 716
98 324, 17
183, 0, 14, 56
244, 88
98, 10, 303, 204
214, 57
293, 6, 92
9 10, 54 55, 183, 56
76, 19 0, 717, 255, 718, 719, 436, 56
98 324, 319, 81, 47, 54, 56
533, 306 0
244, 53, 172
98, 6, 7
270, 271, 720, 721, 722
98 99 13, 410, 54 55, 183, 56
50 51, 6, 0, 99, 386, 56
183, 305 99, 0, 56
100, 139, 0, 1
9 10, 55, 617
13 54, 56 172
723, 516, 57
76, 443, 0
414, 256 257, 4 9 10, 55 56
22, 0, 6, 724
161, 244, 53
100, 139, 0, 99, 93, 725, 58, 231
183, 0, 99, 26, 6, 56
0, 304, 436, 56
183, 4 9 10, 56 172
99, 27, 28, 7, 56
13 4, 84
183, 269, 4 9 10, 56
98 93 6, 47, 658, 27, 601
16, 0, 726, 55, 727
13 54 55, 172
183, 244, 53
65 65, 6, 728, 729, 150, 507, 408, 56
98, 730, 93 255, 122
235, 6, 57
414, 256 257, 145, 99, 211, 6, 56
98 93 255, 58 59, 0
168, 167, 17
65 65 65, 88
98, 6, 93 6, 92, 27, 731, 255, 450, 671
353, 75
244, 134
54, 62, 231
10, 583, 531, 407
732, 674, 31
162, 119, 83, 56
50 51, 0, 564, 56 172
98, 13 54 55 56
183, 99, 135, 55, 6, 56
133, 269
409 410, 13 54 55 56
246, 733
4 9 10, 27
640, 104, 1
98 93, 103, 104
26, 0, 56
88, 99, 617
183, 57, 616, 153, 56
83, 119, 56
19 0, 450, 435, 436, 56
525, 57
734, 0, 1
183, 0, 83 84, 296, 172
18, 99, 735, 6
10, 583, 84
0, 305, 83 84
470, 488, 736, 88, 6
98 93 6, 119
83, 17
115, 52
98 93 6, 0, 2, 488, 638
435, 485, 62
23, 83, 56
409 410, 98 324, 269, 81, 52
50 51, 0, 410
106, 0
27, 28, 7, 56 172
22, 737, 0, 738, 234
98, 404, 13
466, 115, 0, 56
97, 42, 2, 739
740, 13
98, 6, 10, 404, 13
57, 99, 741, 6, 566, 153, 6
13 4, 183, 56
183, 13 54, 56
98 93 6, 18
98, 742, 255, 103, 104
27, 28, 7, 56
470, 743, 83, 407, 744, 6, 57, 488, 745, 349
98 99 13, 410
98 208 636, 746, 747
98, 10, 13
0, 99, 14, 6, 56 172
83, 156, 157, 56
10, 748
749, 6, 34
414, 99, 18, 56
665
4 9 10, 172
414, 256, 31, 99, 532, 56
93 255, 0
183, 141, 92
98, 700, 739, 6, 0
183, 24
256 257, 104, 2, 745, 172
750, 0
9 10, 4, 520, 407
98 208, 93, 42
256 257, 133, 175, 465
83, 62, 6, 56
98 93 6, 0, 58 59, 6
414, 83, 0, 56 172
98 93 6, 74 75
73, 7, 751, 56
22, 306 0, 68, 54 55, 56 172
244, 111, 6, 7
132, 17, 56
353, 6, 99, 7
466, 407, 84, 0
98 208, 93, 119
244, 73, 6, 7
134, 83, 154, 6, 56
83, 14, 0, 56
83, 47, 56 172
752, 0, 1
54, 753, 754, 126, 56
414, 83, 19 0, 56
755, 57
342, 450, 83, 53, 56
110, 111, 7, 83, 56
98 93 6, 143, 31, 756, 6, 638, 27, 757
134, 2, 758
4 13, 55, 231
83, 107
256 257, 17, 54, 45, 77, 56
759, 56 172
183, 18, 304, 62, 56
58 59, 19 0
10, 9
98, 10, 760, 761, 204, 761
18, 304, 62, 56 172
4, 65 65, 646, 6, 728, 55, 56 172
83, 17, 172
762, 763, 764, 7
98, 99, 765, 10, 410, 55, 507, 115, 0, 766, 56
98 93 255, 65 65 65, 489, 6, 0, 2, 767, 768
48, 49, 7, 1
58 59, 0, 54, 56
687, 183, 7
467, 64, 31
50 51, 6, 443, 769, 437, 386, 6, 56 172, 470, 770, 771, 172
19 0, 724
83, 306 0, 56 172
98 99 13, 410, 54 55, 183, 56 172
183, 99, 75, 566, 267
772, 674, 773, 774
183, 0, 544, 6, 296, 56
13, 55, 617, 172
747
99, 775, 776, 6
99, 467, 55, 6, 56
183, 0, 304, 436, 231
770, 24 25, 56
183, 304, 93, 0, 56
18, 777
202, 17, 99, 669, 670, 316
592, 305 99, 31, 56 172
778, 779, 0
183, 7, 465
661, 662, 2, 758
780, 495, 1
781
98, 782, 93 6, 0
17, 83, 56
305 99, 31, 56
467, 55, 6
98 208, 0
9 10, 4, 55, 183, 56
34, 123
749, 6, 7, 465
50 51, 6, 443, 0, 99, 386, 56 172
98 208, 93, 143, 31
65 65, 308, 305 99, 0, 172
770, 149, 49, 56
238, 34, 161
4 13, 374
244, 110, 111, 7
409 410, 244, 47
65 65, 646, 783, 6, 54 55 56
4 9 10, 339, 56
13, 55, 183, 577, 56
784, 363, 785, 26, 33, 450, 786, 787, 305, 393, 788, 789, 419, 790
98, 593, 93 6, 134
238, 34
414, 183, 4 13, 56
98, 99, 93, 0
98 208, 93, 0, 81, 19 0
161, 664, 244, 17
83, 195, 56
19 0, 435, 485, 436
18, 386, 56
98 208 636 655, 0
305 99, 306 0, 56 172
100, 139, 6, 791, 792, 55, 56 172
542, 4 9 10
98 93 6, 252, 6, 0
793, 7
794, 57
90 25, 83, 56
57, 465, 172
353, 7
0, 99, 795, 6, 56
98 93 6, 7, 254, 255, 671
581, 6, 8, 2, 242
98 93 6, 99, 0
256 257, 104, 465
98 93 6, 34, 161
414, 183, 13 54 55, 56 172
577, 13, 56
208 93, 22, 0
502
83, 7, 231
796, 797, 0
145, 349
183, 119
0, 99, 14, 6, 374
185, 798, 255
98 93 255, 532, 57
507, 99, 467, 55, 6, 56
244, 195
799, 800
57, 534, 56
98 208, 93, 52
13, 55, 617
99, 75, 566, 267
98 93 6, 185, 411, 255
90 25, 2, 242
93 6, 223, 411, 255
98 93 6, 122, 123, 488, 801
244, 19 0
574, 93 6, 47, 410, 802, 27, 803, 410, 682, 804, 450, 55
805, 117, 81, 24 25, 83, 85, 56
73, 7, 1, 410, 147, 437, 806
391
183, 807, 62
9 10, 4, 531, 257, 172
342, 450 450, 98 93 255, 464, 7
653, 183, 0, 83, 315, 808, 410, 172
485, 149, 49
83, 183, 809, 6, 29, 90 25, 56 172
810, 811, 812, 813, 27, 687, 394, 814, 255, 56
98 99 13, 4, 507, 56
548, 815, 454, 90, 65 65 65, 6, 99, 520, 407, 172
98, 13, 564, 56 172
816, 610, 7
581, 2, 3, 8
10, 583, 473
166, 29, 90 25
817, 818, 112, 12, 56
819, 256 257, 145, 211, 56
93 6, 47, 83, 616
820, 93, 78 79, 6, 648, 24, 821, 27, 813, 6
290, 291, 36
24
98, 793, 581, 54, 242, 8, 56
183, 185, 822, 823
45, 46, 96, 410, 824, 631, 6, 2, 825, 488, 826
414, 13 54, 339, 56
256 257, 7, 244, 827, 828
829, 450 450, 353, 830, 831, 122, 450 450, 450, 832, 220
305 99, 135, 6, 0
4, 620, 10, 56, 410, 18
7, 54, 435, 110, 111, 56
98 99 13, 4, 507, 349
93 6, 57
833, 57, 450 450, 135
834, 31, 6, 339, 665
98, 835, 93 255, 464, 7
136, 137, 90 25, 1, 836, 85
183, 99, 837, 6, 566, 204, 6
838, 89
98 93 255, 839, 835, 6, 52
793, 581, 8, 54, 5, 3, 56
98 208 636 655, 98 93 6, 793, 119, 450 450, 450, 2, 758, 316
470, 98 93 6, 74 75, 840, 841, 488, 635, 842
98 208, 788, 843, 122, 1, 844
98, 10, 251, 204, 450 450, 450, 845
98 324, 464, 24 25
34, 617, 809, 588
55, 846, 454, 547, 548, 410, 457, 847, 57
98, 742, 6, 75
534, 24 25
98 208 636 655, 183, 0, 244, 26, 6, 716
414, 180, 181, 182, 55, 793, 0, 251, 588
848, 488, 849, 6, 47, 56
183, 104, 305, 421, 84
850, 410, 485, 47
99, 532, 31, 81, 532, 851, 56
342 410, 414, 18, 753, 255, 364, 789, 56
852, 13, 55, 84, 6
183, 853, 81, 854, 728, 54 55 56
653, 437, 438, 65 65 65, 439, 65 65
346, 98, 1, 257, 0
256, 7, 233, 27, 172
623, 793, 130, 131, 0, 65 65 65, 531, 257
17, 1, 15, 14, 450 450, 450, 45, 77, 450 450, 20, 46, 6
16, 6, 0, 83, 641
54, 242, 855, 305, 435, 856, 6, 857, 0, 56
98 208 636, 256, 407, 31, 4, 115, 55 56
59, 26, 0
208 93, 7
108, 858, 0
342, 450 450, 414, 78 79, 93, 84, 8, 6, 89
414, 183, 859, 365, 6, 13 4, 56
208 636 655, 827, 860, 455, 4 9 10, 566, 105, 10, 172
333, 34, 861, 305, 83, 862, 56
270, 364, 443, 863, 0, 534, 93, 725, 58, 6, 275, 255, 56
98, 6, 10, 645
65 65, 646, 728, 54 55, 231
111, 125, 229, 195, 564, 56
13 54 55, 864, 865, 408, 172
98 208, 3, 23
65 65 65, 6, 18, 386, 172
342 410, 27, 565, 256 257, 0, 220, 542, 4, 98, 6, 10
93, 725, 58, 6, 75
98, 742, 6, 143, 31, 470, 866, 255, 867
868, 674, 393, 675, 56
414, 98 99 13, 55, 864, 364, 869, 56 172
98 208, 565, 183, 134, 211, 56
208 636, 450, 93 6, 17, 450, 81, 638, 793, 450, 84, 85
54, 1, 64, 870, 871, 31, 231, 172
342 410, 98 93 6, 161, 872, 6, 873, 0, 874, 488, 410
414, 83, 133, 6, 875, 56
98, 6, 10, 99, 876, 877, 365, 450 450, 450, 878, 10, 306
29, 90 25, 99, 669, 427
256 257, 9 10, 150, 56
196, 456, 457, 458, 0, 879, 880
83, 140, 119, 56
414, 244, 18
623, 98, 6, 10, 375, 204, 410
244, 42, 98, 682, 736
54, 630, 631, 56 172
256 257, 0, 99, 881, 6, 747, 234
623, 22, 6, 0
183, 13 54 55, 255
882, 27, 4, 55, 316, 410, 55, 255, 387, 316
883, 884, 255, 410, 767, 753, 24 25, 56 172
885, 886, 24 25, 78 79, 482, 465
48, 49, 7, 254, 255
474, 152, 121, 435, 485, 358, 0
887, 636 655, 410, 653, 15, 14, 6, 0, 315, 888, 83, 568, 255, 172
29, 90 25, 27, 577
27, 565, 617, 34, 564
10, 204, 410, 55, 641, 588
183, 99, 115, 0, 56
342 410, 244, 4, 889, 6, 34, 161
98 93 255, 127, 0
183, 78 79, 90 25, 465
409 410, 98, 679, 435, 346, 890, 891, 57, 892, 410, 304, 893, 894, 895, 896, 410, 54, 231, 172
98 324, 149, 49, 450 450, 2, 242, 172
414, 256 257, 269, 99, 135, 55, 6, 56
897, 619, 0, 898, 567, 393, 899, 19 0, 374
653, 256, 664, 244, 900, 53, 172
10, 365, 878, 303, 204
183, 0, 54, 26, 56
98 93 255, 901, 185
9 10, 55, 902, 56
256 257, 211, 145, 99, 903, 435, 55, 75, 904, 905, 6, 906, 99, 56
732, 674, 773, 907
653, 572, 0, 14 15, 482, 588
152, 9 10
908, 17, 98, 682, 736
0, 761
9 10, 55, 572
27, 28, 7, 410, 909, 588
98, 711, 170, 171, 34, 54, 72, 65 65, 910
466, 674, 55, 6, 231
9 10, 55, 793, 588
83, 911, 6, 19 0, 56
50 51, 0, 386
74 75, 912, 83, 682, 634
98 208, 913, 914, 15, 0, 81, 14 15, 0, 915, 916, 917, 918
466, 42, 566, 90
98 99 13, 410, 919, 83, 474
183, 7, 920, 6
488, 921
507, 393, 394, 905, 922, 6, 631
98 93 6, 75, 923, 255
122, 421, 924, 56
18, 99, 26, 6, 56
925, 98 93 6, 793, 119, 99, 419, 566, 423
9 10, 410, 507, 393, 55, 56 172
414, 655, 450 450, 98, 10, 99 13, 450 450, 55, 183, 54, 56 172
98 93 6, 0, 393, 98, 926, 655, 927, 56
88, 7, 83, 928, 56
574, 93 6, 104, 488, 929, 930, 56
353, 20, 931, 6, 17
353, 932, 98 93 6, 933, 53, 934
98, 99, 375, 13
0, 99, 26, 6, 56
409 410, 183, 817, 112, 81, 369, 6, 62, 56
256 257, 935, 319, 27, 4 13, 56 172
183, 408, 13, 150, 56
44, 39, 55, 183, 54, 56
98, 10, 99, 44, 6, 410, 936, 648, 349, 172
937, 938, 893, 27, 893, 183, 31, 867, 305, 83, 315
342, 450, 98, 6, 39, 99, 152, 474, 227, 450, 10, 748, 255, 450, 510, 843, 604, 14 15, 6, 0
191, 23
84, 594, 105, 39, 172
2, 488, 98, 939, 93 6, 793, 217, 6, 0, 255
793, 940, 0, 4, 941, 56
829, 410, 98 208, 913, 245, 0, 942, 93, 943, 944, 196, 196, 945, 638, 231
38, 10, 450, 946, 251, 9, 450, 947, 55, 531, 867, 176, 251, 588, 316
410, 183, 435, 62, 56
68, 138, 49, 7
98 208 636, 183, 142, 56
256 257, 115, 104, 99, 55, 247, 6, 56
17, 220
98, 454, 6, 99, 371
507, 99, 88, 7, 56
100, 948, 102
342, 220, 14 15, 0, 793, 588, 172
98 208, 654, 98, 679, 711, 6, 0, 275
267, 54, 905, 112, 56
93 255, 464, 7
256 257, 145, 99, 294, 949, 6, 566, 230, 6, 349, 410, 950
510, 925, 17, 664, 305 99, 83 84, 6
10, 951, 55, 231
0, 952, 54, 953, 703, 906, 231
409 410, 98, 99, 44, 121, 410, 183, 4, 98, 172
353, 93 6, 118, 161, 410, 664, 6, 31, 54, 954, 955, 56
98 93 6, 956, 134, 682, 957, 826
98 93 6, 7, 958, 601, 410, 959, 958, 27, 960, 255
98 93 6, 961, 0
98, 893, 570, 93 255, 962, 0
510, 925, 98, 593, 93 6, 18
98, 963, 93 6, 53, 712, 964, 705, 255
98 93 6, 0, 713, 965, 633, 172
966, 88, 56 172
967, 90, 81, 967, 90
98 208 636, 98, 10, 968, 507, 90, 54, 56
421, 142, 56
2, 703, 183, 969
17, 1, 464
78 79, 26, 172
183, 244, 84, 757, 970, 6, 349, 172
17, 682, 804, 971, 802, 601
93 6, 7, 254, 255, 2, 972
225, 226, 227, 0, 65, 228, 893, 973, 429
74, 183, 75, 974, 768, 231
52, 617, 588
127, 0, 488, 975
57, 161, 56
98, 593, 93 6, 159, 104, 976, 93, 977, 687, 83, 368
98 93 6, 0, 410, 387, 410
98, 700, 93 6, 0, 99, 978, 6
98, 711, 6, 183, 0
98 208 636 655, 584, 27, 4 13, 56 172
50 51, 14 15, 0, 979, 6, 648
342, 115, 0, 54, 980, 981, 56
342, 450, 183, 104, 54, 982, 56
24, 983, 82, 6, 85
183, 13 54, 339, 56 172
414, 95, 99, 94, 6, 56
342, 450, 65 65 65, 984, 6, 148, 92
98, 6, 10, 375, 869, 183, 54 55 56
342 410, 185, 985, 898, 986, 255
256 257, 0, 83, 14 15, 6, 296, 56
548, 531, 17, 410, 54, 20, 666, 172, 987
9 10, 410, 150, 56
507, 24 25, 81, 988, 78 79, 56 172
98 93 6, 122, 989, 172
262, 6, 0
342, 450 450, 450, 10, 251, 204, 6, 54 55 56
342, 98 208 636 655, 637, 793, 115, 57, 990, 991, 231
31, 99, 532, 669, 984, 6
992, 404, 68, 495
190, 0, 386, 6, 99, 617
98 324, 0, 410
342, 220, 44, 39, 410, 567, 993, 994, 410, 55, 84, 995, 588
55, 80, 567, 304, 90 25, 172
132, 0, 56
409 410, 342 410, 414, 256 257, 7, 534, 91, 996, 56 172
98 324, 407, 997, 998, 6, 7, 196
138, 49, 7, 999, 7, 534, 568, 56 172
26, 36, 1000, 1001, 305, 488
679, 0, 83 84, 275, 56
1002, 6, 134, 2, 1003
183, 15, 450, 141, 27
244, 256, 618, 6, 52
98, 6, 10, 437, 44, 410, 98 324, 176
104, 2, 242, 1004
98, 99, 44, 1005, 152, 121, 54 55 56
189, 119, 56
4 13, 231, 172
76, 0, 65 65 65, 489, 410, 669, 464
1006, 678, 0, 1, 56
409, 450 450, 161, 244, 134, 172
50 51, 1007, 281, 0, 304, 1008, 56 172
99, 823, 6, 410, 98, 1009, 1010, 6, 217, 0, 81, 7, 410, 1011, 568, 770, 0, 488, 7, 316
183, 9 10, 4, 56
42, 83, 41, 231
342 410, 98, 99, 404, 641, 13, 410, 1012, 572, 408, 251, 588, 410, 54, 1, 655, 56
98, 939, 93 255, 0, 410, 2, 488, 638
99, 1013, 775, 776, 6, 56
92, 177, 54, 1014, 1015, 231
98 93 6, 17, 1016, 931, 56
264, 119, 83, 140, 6, 56 172
98, 99, 404, 13
414, 256 257, 57, 410, 244, 65 65, 984
54, 630, 631, 374
98 208, 913, 4 9 10, 56
98, 730, 93 6, 7, 410, 1017, 6, 1018, 1019, 255, 435, 713, 926, 349
93 6, 0, 2, 305 99, 1020, 6
74 75, 712, 83, 1021
893, 256, 9 10, 966, 83, 968, 183, 54, 56
99, 135, 55, 6, 56 172
793, 50 51, 6, 1022, 319, 1023, 0, 99, 386, 56 172
98 208 636 655, 410, 148, 6, 92
4, 65 65, 646, 674, 55, 6
118, 6, 793, 1024, 161, 99, 532, 31, 566, 351, 410, 1025, 1026
939, 93 6, 134, 1027, 305, 1028, 255
342 410, 13 4, 55, 183, 56
98, 304, 143, 31, 161
99, 50 51, 6, 155, 0
24 25, 4, 105, 10, 56
98 99 13, 410, 183, 4, 98, 56 172
256 257, 31, 99, 65 65 65, 984, 6, 56 172, 592, 99, 56
342, 98, 636 655, 98, 99, 13 54 55 56
183, 119, 99, 1029, 410, 566
98 324, 653, 1030, 6, 107
414, 18, 99, 1031, 6, 56 172
127, 0, 1032, 1033, 1034, 1035, 1036
115, 0, 83 84, 1, 6, 56
108, 6, 52, 244
98, 256, 75, 93 6, 99, 828, 1037, 410, 1038, 871, 99, 1039, 901, 316
342 410, 44, 121, 4, 339, 56
98 93 6, 42, 1040, 985, 305, 411, 255
1041, 10, 251, 204, 410, 55, 641, 1042, 1042, 251, 588
44, 121, 358, 56
1043, 1044, 62, 56
76, 0, 488, 467, 6, 56 172
510, 1045, 112, 12
572, 4 9 10
342 410, 98 208 636 655, 98 93 6, 52, 964, 83, 1046
885, 24
183, 145, 244, 536, 257, 6, 172
50 51, 6, 1047, 0, 99, 1048, 6, 588, 349
98, 1049, 6, 793, 22, 0, 2, 1050, 349
13, 269
342, 98 93 6, 0, 488, 638
237, 33, 11, 339
98, 6, 104
570, 372, 102, 56 172
14 15, 0, 93, 617, 577
98 93 6, 57, 450, 616, 27, 610, 450, 1051, 99, 694
98, 593, 93 255, 17
93 6, 1052, 119, 1053, 488, 761
103, 104, 1054, 1055
713, 1056, 270, 364, 1057, 1058
342 410, 10, 760, 410, 99, 9 10, 410, 534, 994, 410, 1059, 90, 577, 566, 450, 827, 90, 577
507, 289, 0, 1060, 975, 56 172
1061, 17, 161, 410, 305 99, 83 84
342 410, 183, 462, 26, 6, 482, 231
83, 27, 83, 53
342, 761, 510, 925, 981, 1062, 0, 435, 1008, 231
93 6, 119, 254, 255, 671
256, 7, 364, 233, 56
342 410, 9 10, 393, 861, 339, 56
342 410, 244, 20, 1063, 6, 407, 17
98, 1064, 57
212, 0, 386
1065, 9 10
58 59, 793, 0
183, 8, 99, 88, 56
256 257, 408, 4 13, 56 172
244, 966, 14, 966, 20, 86, 6, 0
342 410, 98, 925, 410, 256, 915, 13, 55, 316
50 51, 6, 0, 437, 1066, 1067, 58, 1068, 172, 1069, 1070, 770, 1071, 349, 172
1072, 0, 55, 1073, 1074, 255, 83, 26, 482, 56
98, 10, 99, 375, 44, 4, 507, 56 172
409 410, 414, 450, 244, 1075, 6, 1076, 6, 119
98 93 6, 793, 1077, 57, 1078, 410, 793, 57, 1079, 960, 172
93 6, 1080, 1081, 92, 99, 1082, 6
244, 900, 75
41, 42, 83, 56
45, 46, 17, 56
414, 351, 305 99, 195, 56
45, 46, 17, 93, 641
119, 393, 394, 346, 917, 162
83, 1083, 56
1084
414, 2, 12
98, 6, 10, 375, 204, 4, 55, 520, 407
0, 83, 56
393, 563, 98, 1, 407, 57, 56
100, 139, 6, 18, 65 65 65, 489, 6
183, 99, 15, 52, 56
7, 204, 231
65 65, 646, 10, 204, 450, 55, 572, 0
183, 13 54, 339, 231
83, 110, 111, 7, 56
1085, 1, 407, 1086, 6, 7
548, 1087, 1088, 0, 1089, 438, 65 65 65, 439, 65 65 65, 56
183, 58 59, 6, 0, 473, 99, 189, 6
83, 92, 196
98 208, 93, 1090, 1091, 60, 19 0, 1092
98 93 6, 793, 42, 435, 41
419, 99, 269, 419, 99, 53, 56
58 59, 0, 795, 56
13, 393, 55, 1093, 1094, 56
11, 242, 581, 6, 8
414, 90 25, 1095, 275, 56 172
1096, 119
98, 10, 1097
183, 0, 305, 83, 315, 6
342, 574, 742, 255, 58 59, 0, 208 636 655, 0, 99, 1098, 6, 1099, 56
342, 148, 6, 92, 244, 633, 172
98, 6, 10, 251, 365, 959, 1100, 645
98, 925, 93 6, 0, 54, 1101, 56
466, 73, 7, 56
304, 141, 92, 435, 62, 56
98 93 6, 7, 470, 682, 893, 664
1102, 225, 83, 90 25
160, 104, 1103, 687, 27, 1104, 255
10, 44, 358, 56
98 93 6, 52, 682, 1105, 711, 410, 93, 1106, 115, 6
98 93 6, 104, 1107, 1108, 438, 65 65, 439, 65 65, 557, 1109, 1110
1111, 255, 220, 98, 5, 99 13, 410, 394, 55
98 93 6, 235, 57, 1112, 1113, 99, 1114, 1115, 904, 65 65 65, 676, 99, 84, 446
183, 0, 305 99, 306 0, 56
485, 0, 6, 161, 244
183, 90 25, 78 79, 482, 588, 56
435, 93, 189, 6, 145, 410, 93 6, 140, 6, 255
47, 81, 36, 83 84, 85
510, 925, 98 93 6, 183, 1116, 0, 1117, 435, 485, 1008
98 324, 267
13, 1118, 1119, 1120, 566, 1121
342, 98 93 6, 104, 1122, 1123, 1124, 410
98, 742, 6, 58 59, 0
22, 14 15, 6, 0, 520, 683, 1125
324, 0
151, 152, 36, 56 172
93 255, 42
98 93 6, 143, 31, 1126, 99, 1127, 231
13, 393, 339, 56
409 410, 0, 99, 212, 58 59, 0, 56
474, 227, 410, 13
342 410, 183, 394, 387, 234
829, 410, 27, 565, 9 10, 55, 617, 618, 6, 588, 349
362, 1128, 7
13, 766, 56 172
54, 1129, 597, 0, 56
256 257, 104, 99, 973, 6, 316
406, 1000, 1130, 305, 488, 316, 172
244, 4, 1131, 6, 0
730, 742, 118, 31, 450, 83, 638, 374
98 93 6, 145, 2, 315, 305, 488
183, 770, 419, 145, 56 172
14 15, 53, 1, 844
757, 13, 83, 1132, 56 172, 364, 1133, 56 172
342, 450 450, 848, 256 257, 0, 54, 1134, 916, 14, 6, 56
1135, 55, 507, 0, 54, 56 172
83, 33, 56 172
409, 450, 470, 93 6, 74 75, 488, 633, 599
342 410, 414, 256, 1136, 305 99, 31, 56 172
893, 172, 183, 13, 1137, 56 172
98, 6, 122, 1106, 255, 1138, 255, 410, 2, 972
455, 13, 150, 27
98 93 6, 507, 0, 664, 99, 881, 6, 316
183, 99, 31, 410, 687, 419, 955
18, 6, 61, 724
414, 244, 4, 1139, 728, 55, 6
270, 1140, 470, 488, 1141, 0
93 6, 0, 83, 1035, 1142
98, 10, 99 13, 4, 55, 183, 374
648, 58 59, 0, 1143, 58 59, 1144, 285, 482, 251, 588
1, 655, 115, 57
939, 93 6, 248, 31, 93 255, 1145, 410, 1146, 1147, 696, 1148, 867, 2, 575
99, 1149, 6, 606, 56
409, 220, 13, 11, 12
1150, 102
94, 95, 2, 3, 147
414, 351, 305 99, 24 25, 56 172
705, 255, 588, 726, 904, 55, 410, 623, 1151, 983, 33
1152, 6, 36, 99, 64, 6, 56 172
205, 1153, 12
183, 581, 2, 3, 8, 172
245, 0, 841, 1154, 864, 1155, 65, 308, 84, 446, 172
337, 338, 17, 54, 45, 46, 56 172
839, 454, 450, 1156, 795, 6, 1157, 450, 4, 22, 0, 374
98 93 6, 75, 488, 633, 634
342 410, 256 257, 4 9 10, 56 172
256 257, 304, 55, 62, 56
342 410, 183, 83, 269, 410, 47, 56 172
572, 15, 14, 482, 1158, 410, 0
1159, 1160, 1161
1032, 825, 55, 6, 111, 6, 793
414, 183, 408, 757, 13, 1162
98 99 13, 98, 1118, 1163, 349, 172
98, 793, 58 59, 1164, 1165, 747
183, 42, 1166, 6
22, 0, 81, 677, 678, 6, 424, 56
7, 54, 1143, 88, 81, 1167, 56
409 410, 155, 0, 65 65, 65 65
189, 81, 138, 49
183, 567, 304, 55, 23, 56 172
100, 221, 0
34, 1, 1168, 27, 757
0, 99, 19 0, 450, 566, 435, 453, 6, 172
510, 925, 329, 6, 23
328, 0, 2, 231, 488, 1169, 6
98, 1148, 1170, 142, 770, 1171
342 410, 183, 0, 99, 770, 14, 6, 56
574, 93 6, 586, 587, 1172, 0
98 93 6, 145, 664, 84, 305, 488
342 410, 410, 208, 925, 10, 1100, 365, 1100, 204, 54 55, 27
409, 98, 6, 10, 303, 204, 410, 567, 1173
26, 0, 58, 81, 669, 308
306 0, 4, 84, 39, 349
922, 83, 474, 4, 14 15, 0, 56
1174, 0, 394, 1175
1176, 372, 102, 56
1177, 17, 1021, 54, 45, 46
55, 1062, 0, 567, 54, 893, 55, 19 0, 374
34, 1178, 305, 83 84
98 208, 654, 655, 868, 674, 675, 676, 484, 6, 1081
342 410, 98 208 636 655, 98 93 6, 793, 104, 54, 1179, 1180, 56
18, 84, 808
409, 450 450, 183, 942, 99, 114, 204, 6, 531, 1109, 83, 716, 56
7, 410, 437, 1181
548, 183, 0, 99, 2, 93 6
793, 58 59, 0, 54, 242, 445, 6, 1182, 231, 172
13, 414, 55, 793, 588, 172
342 410, 98 93 6, 7, 410, 1183, 739, 6
244, 14, 26, 6, 0
13, 358, 27
98 93 6, 248, 31
134, 233
414, 98, 10, 1184, 55, 84, 747, 588
1, 7
83, 145, 231
470, 98 93 6, 443, 0, 364, 83, 591, 1185
679, 93, 0, 244, 275, 316
256 257, 0, 305 99, 84, 6
1186, 33, 244, 745, 6
98 93 255, 1145, 31, 410, 1118, 1187, 1145, 6, 410, 2, 687, 957, 255, 867, 6
98 324, 30, 6
1188, 26, 6, 56, 0
1189, 548, 893, 563, 98, 1190, 1052, 6, 946, 99, 518, 6, 1191, 0, 465, 761
57, 172
13 54, 339, 525, 1192, 27
18, 99, 65, 1193, 56
26, 0, 374
444, 34, 161, 83, 1194, 56
15, 520, 6, 0, 679, 534, 568, 56 172
1195, 59, 6, 1196, 0
54, 630, 56
256 257, 42, 244, 41, 172
7, 54, 954, 88, 56
98 93 255, 464, 92, 177
9 10, 27, 4, 56
54, 563, 98, 1, 407, 4, 5, 6, 0, 56
510, 1197, 102
256 257, 104, 99, 1198, 1199, 6, 56
96, 757, 1200, 83, 1201, 56
50 51, 0, 386, 56
74, 6, 75, 1, 65 65, 646
98 93 6, 50 51, 443, 619, 0, 756, 6, 275, 99, 386
1202, 1203, 1204, 1205, 6, 634, 410, 878, 27, 565, 1013, 890, 1020, 255
563, 98, 1, 464, 20, 86, 0
342, 450, 9 10, 54 55 56
98 93 6, 104, 1000, 1206, 305, 488, 410, 694
256 257, 42, 244, 97
202, 83, 17, 56
98, 739, 6, 99, 119, 410, 3, 1123
98, 566, 435, 212, 24 25, 410
184, 6, 1207, 53, 99, 1208, 566, 590, 1208, 6
122, 1209, 172
342, 414, 844, 507, 7, 1210, 28, 27
98, 6, 10, 44, 483, 1211, 450 450, 1212, 1213, 1184
1214, 183, 319, 124, 107, 410, 1215, 1216, 316
1176, 244, 637, 156, 1185, 6, 57
127, 0, 353, 1022, 1217, 871, 1218
342, 409 410, 574, 93 6, 7, 196, 435, 1219, 1220
43, 31, 56, 183
117, 410
98, 10, 1221, 204
2, 98 93 6, 119, 99, 906, 6, 316
414, 13, 358, 56 172
98 93 6, 145, 644, 55, 410, 671, 316, 172
183, 0, 544, 482, 56
10, 1222, 84, 0
342, 220, 1223, 1224, 1225, 1226, 651, 99, 1227, 1228, 1068
41, 42, 410, 832
409 410, 256 257, 75, 54, 62, 369, 56
414, 183, 408, 4 13, 56
183, 74 75, 83, 658, 949, 6, 231
98 93 6, 793, 47, 1015, 27, 601
7, 83, 315, 49, 6
1229, 256, 53, 1230, 410
342 410, 13 4, 231
98 99 13, 577, 55 56
98 324, 6, 0, 99, 50 51
0, 99, 14, 6, 234, 220
98, 6, 10, 365, 410, 83, 1231, 474, 410, 208 93, 407, 0, 1232
1233, 10, 4, 473, 90
98, 742, 6, 198, 132, 168, 17
256 257, 14 15, 92, 394, 1199
533, 27, 4, 183, 408, 98, 10, 9
98, 730, 93 255, 1234, 901, 57
183, 57, 435, 2, 1235, 57, 1078, 664
1236, 13, 3, 617
98 93 6, 99, 0, 234
98 208, 93, 507, 57, 410, 1237, 566, 741
245, 0, 93, 1238, 533, 1179, 1239, 172
342, 450 450, 450, 10, 919, 387, 966, 99, 44, 450 450, 2, 242, 172
829, 220, 98 208 636 655, 410, 183, 827, 860, 6, 9 10, 54 55, 56 172
134, 6, 1240
50 51, 0, 564, 56
244, 192, 216
89, 1
1146, 1241, 450, 217, 0, 450, 1242, 172
83, 24, 56 172
98, 6, 39, 433
414, 470, 98 93 6, 74 75, 1243, 1025, 813, 6, 27, 424
414, 18, 946, 1244, 147, 56
1245, 6, 145
98 93 6, 7, 485, 255, 671
342, 761, 74 75, 679, 1246, 1247, 761, 1248, 65 65, 6, 1249, 534, 1194, 56
1250, 119, 316, 172
98 93 6, 0, 664, 83, 1035, 1036
414, 244, 53
1251, 4, 1252, 6, 467, 55, 172
13 4, 617, 172
342, 450 450, 136, 137, 24 25, 83, 1253, 196
1254, 31, 394, 30, 56
183, 185, 450, 324, 1255, 6, 231
10, 1256
99, 115, 0, 56
98, 10, 1257, 410, 44
183, 99, 178, 1258, 56
342 410, 183, 134, 99, 211, 1245, 6, 56
98 93 6, 793, 223, 364, 232, 99, 1259, 255
342, 183, 437, 75, 56 172
74, 65 65 65, 1260, 6, 1261, 1262, 623, 75, 56 172
342 410, 183, 161, 305 99, 112, 12, 6, 56
574, 93 255, 190, 0, 410, 1126, 99, 386, 231
574, 93 255, 123, 122, 123
98 93 6, 119, 1263, 450, 1264, 470, 488
7, 117
304, 1, 7
100, 139, 793, 0, 386
98 324, 1265, 419, 122, 123
100, 139, 83, 19 0, 56
342 410, 98 208, 414, 83, 192, 193, 231, 172
45, 46, 17, 454, 99, 83, 1266, 6, 410, 98, 1267, 255, 2, 488, 1268, 83, 1266, 316
512, 513, 6, 940, 1172, 0, 364, 83, 681, 56
208 93, 183, 0
10, 204, 4, 55, 84, 90
905, 34, 393, 905, 529, 56
342 410, 98, 6, 99, 44, 121
98 208, 654, 58, 655, 410, 98, 304, 55, 84, 17
13 4, 55, 525, 1192, 56
50 51, 443, 0, 386, 172
86, 12, 161, 2, 55, 6, 316
342 410, 98 93 6, 104, 1269, 1176
183, 122, 1270, 1271, 6, 56
342 410, 256, 407, 99, 19 0, 56 172
337, 338, 0, 616, 303, 1272, 410, 694
20, 21, 1, 655
574, 469, 255, 159, 104
13 4, 56, 1273
1274, 1275, 29, 24 25
83, 962, 308, 96
98 93 6, 423, 57
98, 6, 178, 89
244, 133, 6, 826
9 10, 567, 152
83, 107, 6, 234
1276, 0
98 208 636, 98 93 6, 183, 19 0, 99, 1277, 483, 6, 56
414, 306 0, 152, 227, 54 55 56
453, 1177, 1278, 0, 435, 1008, 56 172, 1279, 1280
793, 1281, 222, 31, 1282, 410, 27, 565, 465
93 6, 0, 664, 83, 189, 1283
414, 58 59, 6, 19 0, 349, 172
98, 636 655, 183, 145, 83, 1010, 6, 56, 410, 604, 93, 306, 6, 83, 56
98, 99, 9 10, 410, 93, 1106, 13
130, 131, 0, 1, 952, 718, 304, 436, 56
34, 35, 1194, 99, 1284, 620, 1102, 374
470, 893, 570, 93 6, 0, 450, 305, 1285, 316
510, 925, 235, 57
99, 159, 104, 56
1286, 93 6, 104
98 93 6, 7, 254, 255, 1029
1287, 98, 6, 122, 123, 99, 641, 6
13, 55, 920, 6, 588
68, 18
14 15, 0, 251, 588, 6, 99, 520, 407
687, 419, 8, 56, 119
342, 183, 0, 1288, 1289, 56
98 93 6, 104, 696, 1290
183, 999, 274, 1262, 81, 793, 274, 308, 482, 424, 56
98, 147, 251, 204, 410
470, 98 93 6, 143, 31, 1291, 1292
183, 17, 244, 1293, 6, 1294, 1187, 255, 172
1295, 251, 789, 410, 709, 410, 10, 251, 204, 410, 55, 473, 49, 790, 90
98 93 6, 507, 119
14 15, 17, 1296
548, 256, 0, 1297, 255, 410, 98, 27, 1298, 93, 520
83, 133, 6, 56 172
98 93 6, 104, 1299
183, 104, 465, 316
98 208, 93, 73, 7
98 93 6, 99, 31, 450, 1300, 1301, 6, 99, 955, 450, 671, 172, 1146, 1302, 904, 565
98 93 6, 793, 0
455, 757, 13, 946, 4, 220, 172
89, 450 450, 41
58 59, 0, 65 65, 453, 450, 305, 900, 84, 1303
98 93 6, 122, 123, 1304, 99, 1305, 6
98, 99, 9, 9 10
0, 225, 244, 1035, 1036
488, 445, 6, 257, 255, 56, 1306, 6
110, 111, 7, 56
47, 1307, 589
350, 91, 7
636 655, 410, 98, 10, 365, 410
99, 728
1007, 42, 593, 304, 55, 24 25, 56
256, 305 99, 306 0, 56
98, 742, 6, 185
98 93 6, 0, 437, 1308, 0, 56 172, 2, 488, 349, 172
183, 57
414, 256 257, 103, 104, 1309, 99, 973, 6
50 51, 6, 572, 0, 564
183, 7, 534, 56
510, 925, 98, 700, 93 6, 0, 713, 339
510, 1045, 138, 1310
90 25, 83, 141, 482, 56
98 208, 739, 867, 9 10, 6, 161, 410, 563, 1, 655
342, 450, 183, 145, 534, 386, 275, 56 172
183, 145, 566, 81, 1032, 424, 56
1311, 726, 93 6, 956, 488, 183, 23
100, 101, 385, 65 65 65, 386, 56 172
98 93 6, 793, 0, 669, 453, 172
183, 0, 899, 1062, 255, 567, 55, 1008, 56
1312, 24 25
409, 220, 9 10, 54 55, 56 172
176, 177, 6, 1313, 393, 676, 745, 419, 56 172
409 410, 679, 567, 393, 1314, 0, 6, 712, 56
98, 6, 10, 437, 44, 6, 410, 150, 56 172
1005, 90
466, 135, 55, 6, 56
1315, 0, 81, 1316, 0, 65 65, 646, 54 55 56
98 93 6, 17, 1317, 27, 601, 671
98 324, 407, 48, 49, 6, 7
414, 83, 231, 83, 14, 362, 443, 14, 0
10, 583, 183, 54, 56 172
256 257, 0, 1318, 27, 4, 55, 172
18, 99, 386, 374
409 410, 47, 83 84, 296
98, 1064, 183, 24 25
0, 387, 217
24 25, 83, 56
342 410, 548, 256, 592, 75, 83, 669, 984
145, 1319, 1320, 255, 671
0, 793, 14 15
98 324, 1321, 1322, 6, 119
13, 1
183, 4 13, 172
98 99 13, 410, 1323, 919, 1324
256 257, 17, 567, 393, 1194, 56
245, 0, 1155, 6, 1325, 99, 84, 446
83, 48, 49, 7
98, 893, 839, 1030, 93 6, 18
98, 623, 208, 913, 74, 6, 75, 1326, 84, 446
470, 148, 92, 923, 255, 633, 599, 770, 65 65, 464, 1327
10, 1328, 1329, 13
98, 10, 9, 410, 1329, 410, 24, 1330, 84, 8, 6, 1331, 172
183, 119, 99, 1332
290, 291, 36, 1146, 687, 27, 813, 255, 56
159, 104, 1333, 56
98 93 255, 1334, 0
1335
93 255, 464, 23, 696, 437, 1336, 6
98 93 6, 0, 1000, 305, 644
342, 98, 6, 793, 74, 6, 75, 2, 488, 633, 599, 349
98 93 6, 592, 148, 92, 957, 255, 351
617, 358, 1337, 13
45, 46, 96, 410, 520, 1338, 81, 10, 1339, 410, 832
244, 19 0, 826, 761
58 59, 0, 99, 189, 6, 56
34, 161, 793
65 65, 646, 410, 98, 6, 1340, 410, 13
409, 450 450, 13 54, 27
245, 0, 450, 771, 99, 978
158, 17, 450, 83, 1112, 1341, 56
1342, 0, 664, 55, 6, 83, 747, 1343, 56 172
409, 450 450, 7, 1344
10, 204, 410, 84, 904, 588
14 15, 793, 99, 274, 14, 0, 231
7, 393, 5, 1345
531, 0, 694
54, 1, 407, 474, 227, 1346, 4, 6, 155, 0, 56 172
75, 1347, 255
256 257, 4, 204, 10, 27
127, 0, 910, 1348, 973, 72, 316
534, 1349, 90, 56
507, 98, 393, 55, 1350, 172, 10, 204
162, 119, 54, 1351, 256, 65 65, 1352
507, 588, 62, 56
183, 0, 83 84, 1353
98, 27, 565, 242, 520, 407, 52
98 208 636 655, 574, 93 6, 74 75, 1214, 1354, 1355, 601, 99, 1356, 349, 172
55, 1062, 0, 304, 436, 56
99, 1357, 305 99, 31
98 93 6, 217, 0, 1358, 65 65 65, 489, 410, 679, 534, 638, 56
455, 1359, 9 10, 55 56
145, 99, 211, 566, 27, 211, 6
579, 255, 423, 19 0, 450 450, 770, 771
98 93 6, 677, 678, 0, 410, 443, 0, 454, 255, 83
98, 10, 1360, 84, 36
100, 139, 6, 18, 386, 410, 98, 99, 739, 1071, 566, 435, 739, 471
793, 178, 437, 1361, 65 65, 439, 65 65, 56 172, 172
98 93 6, 0, 410, 27, 346, 1362, 1363, 6, 81, 1364, 6, 766, 56 172
98, 10, 204, 507, 54, 56
409, 450, 26, 78 79, 482, 1365, 6, 450, 99, 473
793, 13 54 55, 56 172
183, 99, 135, 55, 6, 374
409, 98 93 6, 17, 2, 687, 55, 1366, 687, 488, 255
409 410, 98 208, 1367, 655, 98, 739, 6, 793, 74 75, 1368, 6, 1369, 54, 231
574, 93 255, 464, 7
96, 482, 588, 56
98, 963, 93 6, 1370, 0
83, 474, 6, 121, 410, 4, 520, 407, 0
47, 81, 1371, 83 84, 85
679, 74 75, 99, 1372, 6, 1168, 56
256 257, 0, 4, 1373, 6, 374
98, 1374, 623, 13, 410, 533, 27, 4, 55, 183
50 51, 443, 769, 99, 386, 56 172
10, 365, 410, 1, 33
10, 251, 204, 410, 4, 520, 407, 349
887, 636, 844, 410, 256 257, 969, 2, 436, 172
386, 100, 101, 102, 533, 1375, 6, 408
93 6, 119, 664, 254, 255
83, 155, 0, 56
74 75, 244, 1376, 349
89, 4, 920, 6, 39
713, 242, 10, 4, 520, 683, 29, 90 25
183, 1377, 57, 1378, 6, 99, 669
98 93 6, 7, 410, 942, 893, 1379, 1380, 1381, 671, 349, 172
143, 31, 564, 56
244, 54, 1382, 483, 6, 0
98, 183, 7, 2, 823, 255
1383, 122
98 93 6, 183, 53, 65 65 65, 418, 669, 1384, 6
244, 1385, 1386, 6, 7
36, 37, 105, 39, 40, 4, 6, 408
1387, 54, 16, 56
414, 256, 4, 55, 13, 56
93 6, 0, 454, 1179, 1294, 410, 985, 2, 488
98, 10, 380, 365
98, 893, 653, 270, 364, 1388, 93 6, 248, 161, 31, 410, 1389, 1390, 1391
83, 659, 660, 6, 0, 56
653, 244, 47, 316
62, 435, 55, 84
65 65 65, 6, 127, 0
454, 844, 1392
127, 0, 6, 0
98, 10, 251, 1393, 1394, 9 10
84, 8, 4 13
581, 2, 3, 8, 826
0, 83 84, 482
470, 98 93 6, 0, 1395, 2, 1396
98 93 6, 83, 1397, 0, 470, 488, 1398
922, 83, 21, 55, 191, 572, 19 0, 251, 588
359, 34, 90 25
342 410, 306 0, 304, 436, 56 172
256 257, 0, 450, 99, 450, 76, 6, 56 172
183, 13, 55, 54, 56
183, 57, 244, 1, 6
905, 1399, 172
534, 23, 56 172
76, 6, 0, 364, 303, 1400, 56
14 15, 33, 83, 867, 6, 56
1022, 127, 0
183, 533, 306 0, 234, 172
1401, 1094, 6, 1402, 83, 53, 56 172
50 51, 0, 910, 2, 72, 6
97, 42, 83, 56
256 257, 728, 393, 675, 56
58 59, 0, 410, 438, 65 65, 439, 65 65
13, 1403
119, 98, 54, 435, 140, 6, 56
32, 33, 56
1404, 29, 90 25
98 93 6, 75, 324, 934
1380, 1405, 1405, 6, 827
414, 256, 577, 9 10, 172
183, 0, 83 84, 716, 172
256 257, 31, 393, 43, 56
98 208, 1406, 227, 6, 0
470, 1407, 408, 410, 74 75, 410, 653, 83, 6, 745, 65 65 65, 1408, 6, 745, 65 65
202, 89
98 93 6, 348, 145, 99, 1409, 6, 410, 305, 204, 255
793, 127, 0, 1410, 2, 1411, 1123, 349
1412, 1413, 185
19 0, 99, 1387, 56
409 410, 548, 183, 0, 83, 315, 482, 316
31, 410, 43, 56
1414, 142, 1415, 62
893, 56, 410, 183, 4 9 10, 316
421, 141, 56
183, 0, 99, 15, 6, 56
459, 22, 19 0, 4, 152, 10, 56
653, 1416, 19 0, 56, 410, 548
98 208 636 655, 548, 410, 183, 1417, 223, 56
342 410, 98, 6, 1418, 52
98 208 636 655, 256 257, 0, 364, 232, 125, 1419, 410, 50 51, 6
183, 92
0, 99, 26, 6, 231
98 208, 96, 55, 1420, 485, 703
134, 83, 189, 56
183, 542, 4 13, 55
770, 419, 119, 56
119, 54, 346, 98, 1421, 162, 6, 374, 172, 172
183, 1146, 1422, 1423, 1424, 56
98 93 6, 104, 1199, 567, 1425, 687, 1426, 255, 410, 671
414, 844, 256, 383, 195, 99, 1427, 566, 1428, 6
353, 6, 99, 90 25
674, 1429, 675, 676, 484, 6, 907
1, 464, 0
757, 9 10
548, 256, 1158, 6, 134, 233, 316
98, 1430, 93 255, 50 51, 6, 0
98 93 6, 330, 331, 0
183, 265, 393, 905, 1431, 211, 145, 56
244, 119
414, 656, 117, 1432, 1326
10, 303, 204, 410, 4, 55 56
437, 454, 1433, 620, 121, 56 172, 470, 1434, 99, 1435, 9, 121
98 208 636 655, 410, 653, 99, 202, 6, 1436, 1258, 56 172
0, 83 84
319, 320, 1022, 1437, 0, 1438, 1439
0, 15, 14, 56
1440, 442
0, 1441, 808, 99, 172
183, 305 99, 306 0, 56 172
183, 809, 9 10, 54 55 56
202, 6
653, 183, 13 4, 56
83, 992, 0, 1442
98 93 6, 119, 305, 254, 255, 671
414, 99, 55, 255, 31, 718, 55, 6, 56
414, 83, 269, 56
208, 925, 473, 31, 54, 1443, 1444
414, 183, 0, 393, 45, 660, 1445, 56
98, 915, 435, 659, 660, 1446, 1157, 0, 826
0, 99, 881, 6, 231, 172
409 410, 98, 99, 13 54 55 56
462, 84, 1447
305 99, 204, 6
98 93 6, 268, 31
119, 244, 1448, 6
653, 6, 262, 0, 99, 1449, 6, 172
256 257, 0, 244, 421, 261, 0, 6, 1450
614, 655, 0
351, 31, 410, 2, 687, 1451, 255, 532
98, 10, 748
256 257, 31, 99, 64, 6, 56 172
342 410, 98 324, 654, 655, 410, 98, 99, 44, 121, 410, 10, 303, 1184
268, 31, 43, 231, 172
98, 893, 1452, 256, 93 6, 104
342 410, 414, 655, 74 75, 1453, 81, 1454, 83 84, 85
7, 27, 233, 6, 56 172
572, 251, 4 9 10
98 208, 3, 407, 17
29, 82, 1455, 81, 1456, 617, 78 79, 482, 588, 1000, 172
740, 99 13
510, 925, 410, 98 93 6, 362, 1457, 0, 1358, 65 65 65, 470, 27, 346, 638, 349, 172
941, 176
208 636 655, 108, 6, 1458, 0, 99, 65 65, 1459, 6, 172
98, 83, 47, 255, 410, 485, 47, 1460
208 93, 1461, 19 0, 410, 1462, 93, 923, 172
414, 83, 154, 119, 56 172
183, 0, 244, 16, 6, 296
93 6, 99, 134
83, 195, 374
17, 27, 4, 605, 55 56
130, 131, 0, 65 65, 99, 770, 256, 1463, 56
653, 531, 0, 83, 745, 56, 1072, 1464, 1465, 0
54, 1466, 7, 56 172
99, 58 59, 0
409, 98 93 6, 145, 83, 303, 1467, 6, 616
353, 140, 6, 119
9 10, 54 55, 507, 56 172
118, 31, 161
162, 119, 119, 56
636, 844, 410, 1468, 597, 161, 99, 9 10, 358, 56 172
98, 1469, 346, 98 93 255, 57
829, 410, 414, 774, 435, 2, 1470
98, 1471, 1472, 6, 7, 410, 27, 28, 6, 83, 531, 1253
534, 794, 57, 231, 172, 208 93, 532, 788
1473, 739, 923, 255, 119
91, 7, 233, 56
212, 90 25
208, 540, 844, 593, 93 6, 42, 1474, 41
98, 6, 134, 27, 1475, 410, 394, 55
409 410, 414, 183, 757, 13, 1162
414, 10, 483, 375, 1211, 410, 10, 365, 410, 55, 269, 55, 255, 181, 966, 204
27, 28, 7, 99, 1476
98 324, 793, 134, 488, 154, 56
342 410, 98 93 6, 507, 74 75, 470, 488, 635, 634, 316, 172
2, 1477, 217, 0, 715
389, 1478, 1479, 295, 34, 161
119, 770, 419, 8, 56
409, 450 450, 450 450, 1480, 831, 6, 145, 1, 655
183, 0, 83 84, 1194, 56
98 93 6, 183, 143, 6, 31, 450 450, 450, 99, 438, 65 65, 439, 65 65, 6, 450 450, 450, 2, 1168, 27, 757, 316
65 65, 646, 6, 728, 54 55, 183, 374
98 99 13, 55, 617, 618, 251, 588
263, 1481, 1482, 1483, 1484, 83 84, 1485
13, 557
98 324, 464, 0
183, 90 25, 669, 984, 6, 316
98, 10, 583, 507, 588, 56
57, 616, 437, 81, 593, 93 6, 424
401, 402, 183, 0, 757, 84, 1486, 6, 10
13, 93, 641, 588
83, 132, 17
409, 450, 244, 18, 316
98, 99, 9 10, 55, 256, 407, 577, 56
22, 0, 1487, 10, 56 172
98 99 13, 451, 83, 86, 483, 484
740, 44, 152, 10
183, 236, 0, 1488
183, 408, 54 55, 13, 56
244, 1489, 49, 6, 145
98, 1490, 99 13
409 410, 98, 10, 1491
98 93 6, 74 75, 470, 488, 633, 634
90, 81, 82, 83 84, 85
27, 565, 507, 542, 4, 98, 1340, 339, 172, 1492, 65 65, 646, 410, 10, 375, 204
319, 1465, 0, 2, 339
127, 0, 2, 1493, 1494
570, 244, 18
19 0, 6, 724
176, 177, 534, 374
414, 1495, 6, 1496, 1497, 393, 1498, 1499
45, 77, 17, 76
510, 1500, 33
98 93 6, 0, 99, 65 65, 308, 410, 470, 998, 65 65, 308
83, 104, 6, 1501, 745, 56
98 208, 414, 655, 98 93 6, 183, 0, 83, 1200, 1201, 6, 56
730, 98 93 6, 0
10, 869, 150, 256, 56
342, 450 450, 98 93 6, 74 75, 1502, 255
574, 93 255, 18, 410, 414, 83, 638, 56
83, 1503, 6, 90 25, 56
375, 931, 410, 375, 77, 410, 563, 98, 1, 407, 17
98, 711, 6, 65 65, 6, 122
98 93 6, 365, 410, 437, 454, 83, 0, 1187, 56 172
256 257, 0, 244, 368, 172
342 410, 98, 893, 58 59, 1504, 225, 93 255, 0, 410, 878, 1434, 6, 0, 437, 1505, 6, 257
0, 1430, 244, 438, 65 65 65, 439, 65 65 65, 6, 275, 349, 172
50 51, 6, 793, 0, 99, 386, 56, 410
98 93 6, 96, 375, 1506
10, 951, 55, 1507, 1508, 56
510, 925, 50 51, 6, 1049, 257, 0, 410, 93, 725, 58, 648, 1089, 1509, 439, 56 172, 172
13 54, 242, 1072, 507, 56
92, 99, 669, 984
793, 50 51, 6, 0, 1154, 6, 99, 386, 410, 99, 1510, 739, 844, 1071, 1511, 56 172
13 4, 84, 90
183, 18, 54, 753, 1512, 374
10, 583, 572, 176, 349
414, 98 99 13
82, 25, 89, 208, 983
409 410, 98 93 255, 1513, 145, 410
793, 100, 101, 102
531, 414, 13 54 55, 231
256, 861, 305, 899, 0, 566, 816, 1514, 0
342 410, 98 93 6, 1515, 1516, 6, 17, 2, 488, 1398
409, 98 93 6, 119, 664, 6, 1517, 998, 1518, 488, 172
0, 1519, 54, 1520, 6, 234
256, 0, 83 84, 1521
4, 10, 204, 6, 1522, 56
793, 369, 12, 6, 793, 55, 315, 717, 172
65 65, 308, 305 99, 0, 231
510, 925, 13, 55, 84, 588
9, 39, 54 55 56
24 25, 437, 351, 56
244, 26, 78 79, 42
259, 0, 27
409 410, 1523, 6, 10, 4, 520, 683, 89
653, 183, 7, 610, 56 172
13 4, 1421
533, 386, 50 51, 0
98 93 6, 99, 17, 56
58 59, 183, 0, 99, 386, 56
34, 161, 567, 1524, 234
50 51, 0, 386, 2, 1314, 172
183, 119, 534, 56
191, 19 0, 152, 227, 54, 339, 56 172
256, 0, 99, 99, 677, 678, 6, 56 172
159, 104, 1525, 588, 56 172
409 410, 1, 407, 14, 0, 1526
770, 319, 410, 98 324, 47
29, 90, 1527
414, 410, 256, 1528, 52, 83 84, 1529, 56 172
98 93 6, 195, 99, 488, 1530, 6, 410, 878, 1531, 1530, 6
793, 19 0, 1532, 593, 435, 485, 1533
414, 127, 0, 244, 1035, 1036
183, 99, 26, 0, 56 172
1534, 23
793, 80, 54, 983, 793, 78 79, 6, 867, 374
183, 22, 0, 1248, 65 65, 557, 65 65 65, 437, 65 65, 56 172
829, 410, 414, 256, 4, 65 65, 646, 6, 728, 339, 56 172
98 99 13, 6
78 79, 90 25, 68
36, 37, 9, 39, 40, 382, 572, 4, 172
17, 244, 420, 6, 1535
183, 0, 83, 992, 316, 172
155, 0, 349
211, 56, 145
7, 220, 220, 220, 220
93 255, 7, 81, 1081
98 208 636, 2, 98 93 6, 57, 1112, 600, 27, 601
93, 351, 19 0, 410, 83, 1294, 56
409, 450 450, 256, 99, 58 59, 6, 19 0, 56
98 93 6, 99, 31
98 324, 57
13, 410, 1141, 465
98, 10, 1536, 410, 1233, 121, 410, 1118, 55, 617, 836, 6, 90
118, 31, 450, 534, 638, 56
10, 251, 1537, 10, 1538, 1539
119, 353, 154, 6
256 257, 0, 98, 394, 55
89, 802, 303, 1540, 305, 27, 601, 410, 694
19 0, 435, 435, 436, 231
98 93 255, 1541, 217, 0, 410, 1542, 1543, 454, 83, 638, 410, 470, 98, 1544, 923, 172
195, 664, 99, 1489, 1545, 56 172
256 257, 4 9 10, 27
183, 57, 99, 532, 65 65 65, 56
269, 410, 115
414, 183, 244, 53, 172, 172
548, 1190, 183, 1546, 65 65, 65 65, 65 65, 65 65, 65 65, 65 65, 65 65, 6, 248, 31, 485, 255, 54, 56
98 208, 93, 507, 6, 88, 7, 2, 1547
98, 99, 44, 474, 227, 10
548, 1548, 244, 84, 0
342, 98 93 6, 223, 254, 255
183, 1141, 4 13, 56
256 257, 0, 83, 4, 115, 56
36, 37, 105, 39, 40, 1549
533, 155, 306 0, 316
98 99 13, 410, 83, 474
653, 1550, 664, 244, 26, 6, 482, 6, 0
98 93 6, 74 75, 2, 488, 633, 599, 349
0, 98 324, 916, 766, 56 172
208, 654, 844, 306 0
83, 48, 49, 7, 56 172
134, 572, 588, 55, 409 410, 1, 844
353, 6, 99, 162, 957, 255, 464, 189, 6, 119
0, 244, 1551, 8, 6
23, 54, 1552, 1553, 6, 1554, 346, 98, 711, 844, 56
414, 13, 6, 393, 55 56
999, 827, 99, 84, 8, 6
728, 55, 6
98, 893, 270, 364, 93 6, 6, 444, 145, 410, 1555, 1556, 1557, 1558, 255, 1559
47, 83, 920, 6
290, 291, 36, 1560, 818, 68, 56
98 93 6, 245, 857, 0, 99, 533, 1561, 6
98 93 255, 1397, 0, 410, 964, 917, 6, 99, 1562
244, 20, 931, 81, 1563, 1564, 6, 17
98 93 6, 17, 875, 1565, 644
13, 11, 12, 37, 65 65, 646, 40
1566, 0, 83 84, 808
36, 37, 298, 39, 40, 99, 1567, 56
14 15, 0, 83, 992, 172
98, 10, 204, 507, 465
981, 1062, 0, 304, 1008, 56 172
189, 119, 374, 172
970, 319, 81, 47, 305, 394, 55 56
122, 1568
95, 99, 94, 6, 566, 1569, 6, 349
256 257, 195, 534, 56 172
183, 8, 99, 88, 56 172
342 410, 510, 1570, 507, 0, 99, 1238, 65 65, 308, 56
99, 468, 31, 56
98 93 6, 50 51, 6, 0, 99, 1071, 56
570, 0, 26, 6, 83, 992, 172
305 99, 31, 172
98, 10, 1571, 410, 9, 410, 393, 394, 55
98 93 6, 31, 1572, 255, 410, 1573, 1574, 809, 6, 64, 31, 410, 2, 1575, 316, 172
256 257, 0, 65 65, 646, 4, 55, 172
24 25, 534, 56 172
183, 185, 380, 919, 906
9 10, 1118, 3, 520, 867, 172
158, 17, 2, 980, 1576, 172
379, 133, 175
76, 115, 619, 0
98 208 636 655, 76, 443, 0
167, 168, 1577, 1490, 0
98 208 636 655, 410, 98 208, 93, 104
342 410, 183, 0, 435, 436, 56
134, 99, 211, 6, 56 172
57, 682, 1578, 923
4, 1579, 6, 728, 675
93 6, 217, 0, 55, 255, 521, 387
98, 394, 133
342, 98 324, 140, 6, 119, 54, 56
245, 857, 0, 4, 1580, 1200
98 93 6, 58 59, 6, 0
98 99 13, 4, 56
1581, 1005, 1029, 90, 1582, 669, 670
99, 155, 0, 56
98 208 636, 13, 150, 56
98, 593, 93 6, 104
409 410, 414, 7, 83, 91, 1583, 49, 56
183, 92, 1584, 1585, 1015, 566, 1586
65 65, 6, 99, 592, 31, 56
90 25, 534, 488, 255
414, 256, 407, 435, 62, 56
50 51, 6, 1587, 0, 99, 19 0, 231
893, 56 172, 54, 1187, 867, 156, 6, 56 172
653, 183, 7, 906, 27, 233
98, 6, 99 13, 55, 1468, 588
93 6, 185, 411, 255
1588, 0, 99, 1589, 255, 172
15, 0, 81, 15, 1590, 0
83, 145, 56
9 10, 55, 864, 364, 232, 1591
149, 49, 7, 83, 56
510, 925, 183, 0, 99, 93 6, 618, 6
793, 98 208, 893, 435, 464, 141
183, 0, 533, 27, 1471, 436
394, 387, 234
15, 69, 70, 2, 682, 1314, 1242, 37, 40
10, 1328, 4, 617, 89
414, 183, 462, 84, 716
581, 8, 54, 242, 56
